 2 3 78 79 474 696
 2 44 131 158 684 1083 1125
 2 3 1148
 2 3 12 182 202 361 391 433 527 531 704 833 908 911 1100 1102 1148
 2 3 38 69 70 71 81 141 210 236 240 241 245 253 333 366 382 467 507 517 613 627 642 656 660 663 681 701 704 745 759 766 783 813 863 866 914 1012 1078 1089 1116 1117 1131 1143 1163 1178 1183 1184 1190 1200 1201 1203
 2 3 575
 2 58 109 213 225 256 267 351 388 453 533 535 620 628 645 676 729 854 995 1159 1199
 2 3 160 267 351 362 366 634 855 1204
 3 39 62 110 123 148 164 194 200 212 312 327 355 367 369 386 398 496 533 544 580 585 591 627 630 698 702 704 722 756 778 1014 1017 1021 1060 1073 1097 1116 1117 1134 1141 1192
 
 4
 4 4
 4 363 1025 1156
 4 129 316 1138
 4 31 42 287 501 622 696 698 779 823 901 1020 1035 1056 1068 1095 1144
 4
 4 62 329 843 1152
 4 110 398
 5 215
 5 46 62
 5 7 8 39 40 44 62 65 76 111 117 147 168 169 212 212 217 313 351 450 496 497 550 569 574 580 643 645 689 759 798 1003 1031 1073 1199
 5 42 80 85 85 93 93 157 167 187 218 225 235 235 235 253 259 259 268 281 289 303 325 337 350 351 361 408 466 471 473 474 475 496 510 520 522 532 702 707 733 743 777 778 811 826 828 857 865 881 901 912 996 1007 1014 1021 1029 1064 1064 1071 1075 1076 1080 1087 1087 1088 1095 1108 1126 1132 1140 1143 1199 1211 1211
 5
 5
 6
 6 30 58 104 129 486 518 569 652 915 995 1107 1126
 6 887
 6 42
 6 100 101 120 138 158 170 250 260 273 280 281 305 361 362 380 386 397 412 413 445 446 448 462 509 533 555 575 586 602 630 645 659 703 712 733 744 754 776 790 804 860 897 919 1036 1066 1074 1118 1121 1168 1170 1174 1208
 6 25 62 114 166 173 179 180 181 386 395 397 486 593 638 767 1069
 7 8
 7 8 9 186 1059
 7 8 9
 7 8 9
 7 8 9 9 286 517 702 837 1065
 7 8 9 328 366 837
 7 8 9 12 19 38 49 51 62 70 71 75 82 139 140 166 173 203 206 216 220 221 260 262 274 275 289 305 338 339 367 392 393 409 426 501 506 522 531 565 570 577 582 598 603 645 648 650 673 673 722 761 785 795 825 833 849 879 907 915 921 999 1007 1017 1033 1069 1079 1084 1133 1135 1168 1173 1189 1194 1196
 7 8 9
 7 8 9 50 66 91 92 119 120 145 147 148 151 158 228 261 305 348 349 443 453 458 470 496 622 624 679 720 732 744 797 797 830 844 1033 1054 1092 1099 1169 1193
 7 8 9
 7 8 139 158 319 339 388 450 475 624 636 1179
 7 8 9 258 542 543 615 898
 7 8 212 496
 7 8 608
 9
 9 232 783 882
 9 133 136 477 560 889 1150
 9 74 98 104 115 118 132 148 153 153 159 168 169 170 174 183 185 229 240 246 250 259 262 272 296 308 326 336 350 354 366 367 379 380 394 396 400 400 423 455 488 532 535 545 556 563 583 592 648 667 673 679 685 687 687 688 691 694 700 717 723 732 735 752 767 801 806 845 847 859 871 881 884 889 898 899 905 925 999 999 1001 1005 1008 1019 1053 1054 1062 1062 1063 1068 1085 1089 1098 1104 1136 1139 1154 1157 1159 1168 1174 1197 1197 1200 1203 1204
 9 286 519 810 1089
 9 10 14 148 149 219 285 447 684
 9 65 196 519 591 769 1011
 9 110 351 394 566
 9
 9 135 531 662 801 1031 1208 1208
 10 14
 10 14
 10 14 84 108 183 222 245 295 325 337 351 365 388 448 467 521 541 557 559 566 585 586 615 770 775 820 827 854 912 1020 1033 1141
 10 14 551 901
 10 14
 10 14
 
 10 14 22 39 41 100 104 133 135 136 139 195 210 222 226 250 251 291 292 301 302 388 403 535 536 589 595 647 833 1033 1082 1115 1179
 10 14 100 141 320 831 853 1192
 10 14 245 285 743 922 1060
 10 14 74 100 138 320 645 743 853
 11 148 250 279 408 478 479 523 563 570 586 676 677 722 764 772 1036 1102 1112 1148 1186 1201
 11 175 843 878 1081
 11 235 235
 11 19 30 31 37 74 81 114 119 132 143 153 156 158 160 161 162 162 175 188 190 192 196 204 205 213 216 220 221 229 237 245 246 260 281 283 313 341 344 344 351 351 366 366 367 381 394 394 394 414 435 453 510 521 523 568 578 583 585 586 590 649 656 679 679 683 687 687 689 715 720 747 779 783 798 801 805 811 818 857 860 918 1001 1008 1009 1013 1014 1017 1017 1020 1021 1037 1037 1056 1068 1068 1074 1095 1110 1111 1118 1128 1128 1141 1141 1145 1149 1154 1154 1191 1198 1208
 11
 
 11 83
 11 212 349 624 694
 12 86 96 118 151 152 168 169 177 194 210 213 218 219 224 240 244 268 277 290 302 322 340 349 353 360 369 378 382 386 387 397 399 400 406 410 416 419 423 424 425 429 432 441 449 453 456 468 472 482 503 504 525 551 560 561 573 574 595 596 605 608 610 614 617 621 626 630 632 637 638 649 654 669 674 675 685 688 691 695 697 699 705 708 733 736 742 746 760 766 769 779 784 787 798 802 806 813 821 827 842 852 854 855 859 865 867 874 900 902 907 917 920 998 1000 1009 1014 1017 1018 1021 1023 1026 1029 1053 1067 1071 1075 1076 1079 1080 1085 1088 1093 1106 1108 1109 1141 1158 1168 1181 1200
 12
 12 85 93 312 314 485 624 715 722 749 771 904 1049 1115 1163
 12 431 1034
 12
 12
 12 55 90 118 164 196 241 398 442 486 706 752 1202
 12 52 53 108 112 118 123 124 130 155 190 235 235 240 245 287 289 299 310 338 345 350 352 383 391 398 410 421 477 512 514 521 532 540 560 564 581 626 627 634 636 638 646 649 650 652 661 682 685 762 813 908 916 1007 1020 1037 1109 1141 1173 1182 1183 1205
 12 417
 12
 13 458 470 822
 13
 13 212
 13 177 213 228 228 244 491 630 723 822 832 844 844 1028
 13 498 661 895 1028 1170 1170
 13 663 1028 1078 1109
 13 157 173 429 498 573 661 880 895 1021 1142
 15
 15 146 174 178 254 266 278 448 904 1005 1005 1066
 15
 15 70 71 491 517 572 573 685 704 798 922 1012 1089
 15
 15
 15 225 259 346 365 391 393 541 548 779 922
 16
 16 345 356 744 774
 16 84 85 93 230 231 245 245 436 566 575 732 743 744 1055
 17
 17 122
 17 38 43 680 782 894
 
 17 201 520 1107
 18 453
 18 19
 19 603
 19 872 1151
 19 737 1151
 19 39 124 156 158 177 411
 19 66 66 151 157 157 388 430 630 1101
 19 1170
 19
 19
 19 73 156 161 204 205 368 491 499 519 520 536 591 639 643 645 679 705 717 748 916 1007 1060 1086 1156 1191
 19 198
 19 80 269
 19 48 146 155 207 250 294 438 450 489 510 535 637 726 812 865 906 995 1054 1128 1145 1199
 19 200 348 586 825 901 1058 1156
 19 174 562 873 1150
 19 410
 19
 20
 20
 21 72 77 103 137 229 693
 21
 21
 21
 21 829
 21 40 579 812 831 1095 1114 1187
 21 122 328 622
 22
 22 262
 22 39 39 43 112 131 213 459 517 579
 22 47 49 66 126 157 163 171 213 216 226 332 528 529 650 720 745 792 810 817 851 1012 1033 1073 1089 1131
 22 1015
 22 276 283 366 367 448 1134
 22 32 32 38 40 41 49 226
 22 32 39 41 857 1012
 22 32 137 156 161 255 259 360 361 442 853 861 1069 1109 1199 1203
 23
 24 361 389 390 401 807 817 1020 1058 1060 1144
 24
 25
 25 41 232 283 300 392 394 462 506 571 601 650 725 783 786 833 895 1052 1069 1082 1120 1149
 25 37 790
 25 109 197
 26
 26
 27 72 83 109 113 114 128 142 153 159 182 208 216 237 239 242 254 260 266 303 319 320 325 341 407 426 443 466 467 522 527 564 567 581 584 615 622 625 681 686 696 701 704 735 737 739 747 753 757 765 782 796 797 823 825 826 828 834 848 857 858 860 863 873 894 903 908 923 994 1005 1022 1048 1051 1056 1065 1072 1077 1114 1121 1150 1176 1189 1205 1206 1210
 27 204 205 435 1203
 27
 27 251
 27 70 71 85 93 263 316 490 522 655 676 823 885 885 1172
 27 172 263 517 683 777 793 1006 1051 1162
 27 261 829 920 1037
 28
 28 262
 28 407 576 1032
 28
 28
 28 106 107 651
 28 161
 28 39 137 156 167 195 433 838 1005 1116 1117 1121 1197
 29
 29 204 205 513
 29 90 351
 29
 29 114 170 392 466 567 733 757 912 1068
 29
 30
 30 345 1133
 30 30
 30 157 240 280 412 445 446 573 649 709 822 846 1008 1028 1151 1170
 30 118 240 318 804 804 1170 1170
 30
 30 190 720 1125
 30 637
 31
 31
 31 826 828
 31
 31
 31
 31 1051
 32
 32
 32
 32
 32 650 792 851 899 911 1033
 32 137 156 161 255 442 702 853 861
 33 38 62 63 137 138 248 433 740 785 877 883 1002 1178
 33 239 253 311 317 359 392 436
 33 326 352 356 357 587 644 692
 33 154 365
 33 397 411 763 877 1141
 34 86 87 234
 34 87
 34 87 298 299 367 376 706
 34 87 227 598 719 728 814 839 1056
 34 87 108 159 372 718 854 1023
 34 67 87 88 108 111 159 347 393 464 465 493 555 598 632 718 739 839 1020 1023 1192 1194
 34 87 461 477 571 640 691
 35
 35
 35 872 1195
 35 141 158 162 724 784 1061
 35 608
 35 455
 37
 37 334 341 458 459 470 830 1059 1187
 37 55 90 425 442 482 818 1132 1202
 37 55 90 172 217 276 425 442 482 519 569 640 793 818 901 910 999 1011 1030 1055 1132 1202 1211
 37 42 66 67 103 104 262 609 702 755 770 1014 1021 1140 1142
 37
 38
 38 62 160 184 223 507 590 637 724 792 896 1128 1171
 38 175 196 317 409 556 1129
 38 41 521 528 679 848 1066 1153
 38 47 49 88 111 333 359 405 462 464 465 604 627 679 724 850 864 1168
 38 123 649 788
 39
 39 104 534 535 549 680 686 802 833
 39 246 267 534 535 549 551 568 574 833 875 876
 39 66 386 430 620 630 679 726 1196
 39 707
 39 210 430 537 1005 1033 1033 1054
 40
 40 720 735
 40 180 185 285 1098
 40 881
 40
 40
 41
 41 1025 1073 1179
 41
 41 74 431 507
 41
 41
 42 196 198 324 338 351 375 381 471 473 474 475 492 511 628 690 706 727 808 924 1049 1098 1105 1111 1193 1204
 42
 42 73 135 274 275 346 447 510 511 519 552 558 560 580 639 672 762 793 1078 1140
 42
 43
 43 436 501 717 1119
 43 43 80
 43
 44
 44
 44 45 194 274 275 372 634 654 889
 44 175 206 404 408 600 999 1123
 44 281 556 615 1159 1210
 44 141 241 283 343 355 423 423 433 520 562 774 924 1036 1070 1172 1186
 44 1013
 44 579 837 1069
 44
 44 253 319 327 603 714 833 1078 1123 1133 1139
 45
 45
 45 1162
 45 46 135 860
 45 117 182 315 408 569 689
 45
 45 618 718
 45 48 106 107 130 135 273 342 355 477 477 517 545 552 689 715 779 832 848 1000 1003 1054 1061
 45 48 469 562 609 848 881 1150
 46
 46
 46 662 739 854 855
 46 233 860 921
 46 268 425 678 705 906 922
 46 135 344 921
 46
 46
 47
 47
 47 49 857
 47 225 639 712 1056 1178
 47 67 379 478 479 764
 48
 48
 48 55 69 109 286 745 810 1012 1073 1145
 49
 49
 49 995
 49 276 297 350 395 496 856
 49 120 121
 49 194 543 546 804 1110 1170
 49 543
 50
 50
 50 155 265 596
 50 298 299 366 367 778 1139
 50 230 231 637 743
 51
 51 51 197
 51
 51 203 809
 51 1022
 51
 51
 51 367 1060
 51 147 152 168 169 177 212 217 228 290 312 313 328 347 348 361 386 403 422 496 530 573 574 585 586 604 643 645 654 687 739 744 750 759 763 790 794 798 800 819 844 856 865 868 875 876 881 1006 1020 1031 1032 1055 1057 1083 1097 1110 1124 1125 1135 1179 1181 1182 1199
 51
 51 857 921
 51
 51 197
 51 307 435 821 861
 52
 52
 52 535
 52 705
 52
 53 170 263 545 565 839 1083 1132 1160 1197
 53 565
 53
 53
 53
 53 105 209 254 274 275 459 575 579 800 870 892 916 922
 53
 53
 54 97 142 232 239 247 248 312 373 381 391 417 483 644 753 769 789 836 881 887 889 925 1029 1052 1150
 54
 54 170 346 381 492 548 690 808
 55 98 154 233 234 235 707
 55
 55
 55
 55 64 823 917
 55
 56 58 570
 56 58
 56 63 179 341 606 1058 1180
 57 59 74 165 241 270 400 427 451 452 491 509 624 703 888 993 1096 1142
 57
 57 59 129 130 229 265 270 346 355 631 652 841 860 1018 1195
 58 130 379 659 1063
 58 139
 58 302
 58 240 318 318 350 599 908 1008 1151 1170
 58 620 916
 58 253 570 894
 58 110 347 356 357 380 625 714 913
 58 274 275 556 676 911
 59
 60
 60
 61 319 636
 61 370
 62
 62 176 185 439 444
 62 62 114 136
 62 114
 62
 62 90 99 102 235 663 744 805 809 885 1012 1074 1118 1156 1168
 62 73
 62
 63
 63 409
 63 279 409 914
 63 64 65 65
 63 64 64 65 65 196 623 719 816 837
 64 65
 64 65 518
 65
 65 250 343 414 422 805 1012 1074 1105 1118
 66 70 71 74 115 128 155 243 249 252 254 265 282 284 342 372 396 402 437 485 552 553 589 597 631 698 713 758 788 836 843 851 909 1091 1116 1117 1131 1190
 66
 66 836 1206
 67 75 180 202 274 275 911
 67
 67 67
 67 229 413 873
 67 129 228 229 737 841 844 873 1195
 67
 67
 68
 69
 69
 69
 69
 69 1210
 70 71 144 313 327 355 405 438 714 921 1008
 70 71 517
 70 71 408 994 1196
 70 71
 72
 72 679
 72 323 439 461 510 585 640 672 820 1000
 72
 72 413 672
 72 272 277 392 796 864 870
 73
 73 82 140 725
 73 259 322 403 622 1034 1190
 73 378 471 473 474 475 1003 1017
 73 111 118 222 285 317 520 591 609 689 705 893 1060 1086
 73
 73 274 275
 73 193 591 679 756
 74 132
 74 132
 74 580 1023
 74 266
 74
 75 469 490 669 748 1083
 75
 75 305 679 681 863 1168
 76
 76 208 222 282 453 453 497 499 601 621 650 804 862 1049 1109 1109 1121 1128 1168 1187
 76 282 813 1121
 76 130
 76 168 169 286 288 324 333 368 409 491 624 862 923 1035 1049
 76 122 273 324
 77
 77 143
 77
 77 240 336 415 487 488 489 750 771 791 1024 1176
 78 79 119 471
 78 79 82 140
 78 79 82 140
 78 82 95 109 113 140 171 201 208 237 242 278 287 325 352 393 430 443 459 521 542 564 577 584 599 635 665 757 765 831 848 858 870 994 1048 1090 1166 1169 1180 1210
 79
 80
 80 101 103 156 174 245 286 310 326 332 344 405 536 566 714 744 795 814 824 864 1035 1064 1087 1198
 80 1140
 80 235 569
 80
 80 351
 81 637
 81
 81 631
 81
 81
 81 148 149 154 219 271 276 351 351 394 468 520 524 722 766 793 1003 1012 1016 1073
 81
 82 100 104 104 140 358 431 522 592 620
 82 140
 83 236 320 575 1100
 83
 83
 83 745 1068
 83
 83 118 207 264 712 738 823 898 1100
 84
 84 182 585 592 745
 85 93 346 464 465 1167
 85 93 253 697
 85 93 380
 85 93
 86 649 685 713 867 902 1029 1106 1200
 88 91 92
 88
 88 268 347 654
 89 134 505 710
 89
 89 298 400 693 697 842
 89 130 142 289 580 684 697 842
 89 142 311 312 313 314 363 546 717 769 908 916 1052 1072 1090 1122
 90
 90 109
 90 245
 90 162 196 235 320 575 607 643 645 646 743 823 996 1037
 90
 90
 90 119 154 155 218 309 374 410 802 995 1014 1021 1200
 91 92 120 121 153 881
 91 92
 91 92
 91 92 590 645 678 695 699 886 1057 1160
 91 92 120 145
 94 194
 94
 94 719
 94 238 285 302 304 308 426 664 680 918 1003 1210
 94 181 361 625 651 799 838 887 1059
 94 192 225 1208
 94
 94 192 309 364
 95 439
 95 153 159 189 229 271 352 466 483 533 564 612 696 740 747 797 1008
 95
 96 338 525 650 831 846 856 880 1155
 96 1160
 97 785 815 1177
 97 113 531
 97 129 144 186 256 337 351 366 372 621 662 671 750 854 884 1024 1024 1155
 97 619 1006 1090
 97
 98
 98 180 217 404 1015 1186
 98 355 552 639
 98 425 576
 98 813
 98 480 845
 99 102 157 195 226 247 258 272 273 296 308 312 347 359 366 366 367 383 436 533 541 732 820 898 913 1027
 99 102
 99 102
 99 102
 100
 100 305 343 431 571 1134
 100 358
 100 294 358 361 575 579 704 836 1165
 100 104 290 320 358 593
 101 423
 101
 101 511 799
 101 383 389 390 565 717
 101 602
 101 206 595 850 1123
 103
 103 326 471 474 475 491 808 1107 1198
 103
 104
 104
 105
 105
 105 132 228 672 844 890 891
 105 171 235
 106 107 366
 106 107
 106 107
 106 107
 106 107
 106 107
 106 107 323 401 592 592 834
 106 107 183 262 308 394 592 767 1008 1062 1063 1104 1146 1147 1154 1157 1174 1200
 106 107 355
 108
 108
 108 552 639 854
 109
 109 186
 109
 109 475 624 744 1151
 110 111 113 114 115 130 165 258 386 395 397 399 400 416 419 423 425 426 432 432 432 432 439 439 440 449 454 456 456 456 456 462 503 504 531 532 593 598 598 608 613 616 617 626 628 632 638 642 662 663 664 669 697 728 728 728 733 736 739 742 746 754 756 766 767 768 776 786 790 1002 1028 1082 1194 1202
 110
 110
 110 113 206 444 521 534 616 661 664 771 790 895
 110 869 886
 110 447
 110 784
 110
 110
 110
 111 115
 111
 111
 111 217 839
 111 165 223 224 399 405 528 528 529 712 719 720 735 993 1199
 111 117 285 316 394 404 535 569 609 664 689 813 910 1115 1138
 111
 111
 111 147 212 552 643 645 1094
 112
 112 498
 113
 113 532
 113
 113
 114
 114
 114
 114
 114 433 651 766
 115
 116 117
 117 287 398 598 772 1194
 117
 117
 117
 117
 117
 118 481 481
 118 118
 118
 118
 118 219 307 849 1105
 118
 118 488 797 1101 1153
 119
 119 719
 119
 119
 119 326 727 799 1126
 120 122 145
 120 145 276 356 357 1030
 120 334 1164
 121
 121 866
 122 447 865 1057 1164
 122
 122 184 238 255 286 448 476 480 493 573 910 1182
 122 528 529
 122 451 568 1063 1104 1157
 123
 123 571
 123 164 200 398 533 698 1014 1021 1134
 123
 123
 123
 123 219 245 304 575 680
 124 125 897
 124 125 257 679 897
 124 182 184 229 271 309 564 674 753 797 798 873 881 898 1012 1099
 124
 124 410 1186
 125
 125
 125 146 360 797 1016
 125 792
 126 236
 126 250 276 384 547 576 726 738
 126 384 528 529
 127 462 726
 127 612 742
 127
 128
 128 1151
 128 195 369 601 693 778
 128 254 925
 129 153 246 600 611 718 838 1001 1196
 129 256
 129 473
 129
 129 213 703 703 849 850 1195
 130
 130
 130
 131 623
 131
 131 154
 131
 131 188 1059 1098
 131 276 524 671 749
 131
 133 136
 133
 133 136 245 250 253 511 517 593 765 779 1005 1140
 133 409 1010
 133
 133 135 136 141 466 520 564 620 795
 133
 134
 134 400 1078
 134 233 303 423 603 779 1171
 135 153 159 279 343 346 570 632 1134
 135
 135
 136
 136
 137
 137 255 257 330 621 623 709 919
 137
 138 281
 138
 138
 138 283 343 383 521 528 896 1003
 139 693
 139 637 896
 139 182 663 1105
 139 182 1105
 139 190
 139 922
 139 762 805 1018
 141
 141
 141
 142 572 680 908 1145
 142 494 495 565
 142
 142 428 702
 143
 143 905
 144 862
 144 388 776 862 1139
 144
 144
 145
 146
 146 362 1081
 146 295 701
 147
 147
 147 453 485 688 736 746 1027 1071 1075 1076 1080 1085 1088 1093 1108 1143
 147
 147
 148 149 889 1023 1149
 148 250
 148
 149 337 364 728 768
 149 762
 149 219 383 441 466 498 534 722 776 895
 149
 149 171 297 771 864 995 995 1006 1010 1011
 150
 151
 151
 152
 152
 152 194
 152 553 554 812
 153 159 189 229 466 483 564 612 747 797 845
 153
 153
 154 216 532 681 896 914 1002 1006 1145 1168 1192
 154 219 260 484 1097 1146
 154 450
 155 447 887 913
 155 763
 156 161
 156 161
 156 161 518 853 1107 1204
 157 1002
 157 499 621 831 1017
 157 599 663 1109
 158
 158 239
 158 455 556 602 804 831 872
 158 334 335
 158 168 169 569 793
 158 204 205 256 260 467 534 539 860
 158 425 1134
 158 535 1160
 159
 160
 160
 160
 160 925
 160 422 783 1171
 160 309
 161
 161
 162 220 221 251 253 256 257 271 311 483 493 498 534 539 554 557 577 607 743 881 905 1119 1166 1207
 162
 162
 162
 163
 163
 163 439 624 819 1034
 164
 164
 164
 164
 165
 165
 166 173
 166 173
 166 173 574
 166 173
 167
 167
 167
 167 405 430 460 550 637 684 706 896
 167 183 410 543 749 1138
 168 169
 168 169 523
 168 169
 168 169
 168 169 186 286 409
 168 169 181 286 409 569 679 1085
 168 169 187 294 489 532 812 1176
 168 169
 168 169
 170 1197
 170
 171 1144
 171
 172 217 276 569 640 910 999 1030 1055 1211
 172
 172 180 268 290 683 794 840 1026 1097
 172
 174
 174 310
 174
 175
 175
 176 265 296 596 619 632 667 900 1027
 176
 177 332 557
 177 374 744 1181
 177
 178
 178
 178 184 269 411 756
 178 269 401 597
 179
 180
 181
 181 649
 181
 182 190 671 752
 183 267 358 914 1054
 183 326 564 584 627 801 858 1180 1188
 183
 183
 184
 184
 184
 184 279 1033
 184
 185 361
 185 818 905
 186 650
 186 272 621 623 732
 186 355
 186
 186 365 541 718
 186 669 742 776 854 1015 1083
 187 311
 187
 187 325 441 487 497 571 630 670 719 770 852 873 1005 1010 1176 1195
 187
 188
 188 660
 188
 189
 190
 190 682
 190 671
 190 408 792
 190
 191
 191 598
 191
 191
 192
 192
 192
 193
 193 749
 193
 193
 194
 194 299
 194 266 772
 195 789
 195 508 519 544 875 876 1014 1021
 196
 196
 198
 198
 199
 199
 200
 200
 200
 200
 200
 200 1196
 200
 201
 201
 202
 203 609
 203
 203
 203 352
 203 1184
 203 380
 203
 204 205
 204 205 645 1203
 204 205
 204 205
 206
 206
 207
 207
 208
 208 356 357
 209
 209
 210 233 1100
 210 233 340 353 406 436 594 695 769 801 836 874 1158
 210 262 376 389 390 399 399 426 468 508 528 528 529 529 621 686 698 877 894 905 905 1120
 211
 211
 211 1126 1140
 211
 212
 212
 212
 213
 213
 213
 214 306 496 532 604 656 709 717 730 879 1003 1144 1169
 214
 214
 215
 215 711
 216
 216
 216
 216
 217 295 563 846 854 855 880 1015
 217
 217
 217
 217
 218
 219
 219
 219 497 650 831 901
 219 496 609
 219 1084
 220 220 221 221 307 335 435 438
 220 221 438
 220 220 221 221 869
 220 221
 220 221 297 565 1167
 222 514 816
 222 318 413 450 462 497 521 601 722 800 873 1095 1168
 222
 223 530
 223
 223
 223
 224
 225
 225 662
 225 767
 225 511
 225
 225 271 283 1111
 225 283 544 589 996 1074 1118 1132 1149
 226 425
 226 691
 227
 228
 228 388 797 844
 228 473 703 747 844 895 1126 1170
 229
 229 356 357 602 612 698 812 1020
 229 1194
 229
 229 430 534 693 1056 1093
 229
 230 231 334
 231 711 771
 232 750 824 1184
 232
 232
 233
 233 1135
 235 449 707 898 1181
 235
 235 1074 1118
 235 656 785 1173
 235
 235 273 664
 235
 236
 237 729
 237 414 819
 237
 237 1146 1203
 238
 238 301 1073 1112
 238
 239 457 619 811 824 1198
 239 532
 240 493 1161 1193
 240
 240 647 773 861 1140
 240
 240 241 415
 241
 241 1183
 241
 242
 242 414 472 913
 242 441 711
 243
 244 523 524 1131 1140
 244
 244
 244
 245 256
 246
 246
 246 761 1001
 247 329
 247
 248
 248
 249
 250 309 1165
 250 501 622 647 650 899 922 1068
 250 339 578 578
 250
 251
 252
 252
 252
 253 407 483 740
 253
 254
 254 298
 255
 255 259 303 389 390 391 513 574 739 899 1132 1181
 255 449
 256
 256
 256
 257
 257 436 567 704 1000 1023 1077 1114
 257
 257
 257
 258
 258
 258 282 366 744 1179
 258
 258 328 723
 258 559 640
 259
 259 703 915
 259
 260 262 543
 260 262 272 649 916
 260 264
 261
 261 793
 261 729 920 1166 1202
 262 487
 262 288 289 877 912 1188
 262 590 1065
 263
 263
 263
 263 568 868
 263
 264
 265
 265
 266
 266 344 361 780 790
 266 1056
 267
 268 369 414 608 639 684 758 1031 1073
 268
 269
 269
 269 337
 269
 269 763 780 1048
 269 538
 270
 271
 271
 271
 271
 272 750
 272 562
 273 322 382 383 745 912
 273 884 898
 273
 274 275
 274 275
 276 326 467 740 778 795
 276
 276 448 520 816 1153
 277
 277 710
 278
 278
 279 356 357 602
 279
 280 412 445 446 734 767
 280 412 445 446
 280 412 445 446
 280 412 445 446
 280 361 412 445 446
 281
 281
 281
 281 706
 281
 282
 283 403 1059
 284
 285
 285
 286 287 841 906
 287
 287 568 646 1061
 287 322 780
 288 1033
 288
 288
 288 331 430 778 904
 288 842
 289
 289 421 481 762 1173
 289
 289 403 875 876
 289
 290 452 995 1060 1178
 290
 291 292
 291 292
 293 526 527 530 788
 293
 293 397 705 807 1008
 294
 294 314 727
 294 297
 295 1002
 296
 296 634
 297 366 368
 297 536 693 995 1002 1006 1010 1011 1196
 297
 297
 297
 298 314
 298 414
 298 314
 299
 299 327 365 428 570 676 765
 300
 300 450 691 735 838 841
 300 449 1053
 301
 301 719
 301 325 1073
 301
 303 403 505 783
 303 316 403 589
 304
 304
 304
 305
 305 525
 305
 305
 306 1092
 306 484 819 912
 307
 307
 307
 307
 308
 308
 308 667
 308
 308 317
 309 835
 309
 310
 310
 310
 310 626 669
 311
 312
 312 581 585 643 645 759 1115
 313 314
 313
 313 478 479 908 1007 1173
 313
 314
 315
 315
 315
 316 328 489 541 558 664 715 841 1008 1017 1024 1063 1095 1104 1130 1138 1146 1147 1154 1157
 317
 317
 317
 317 872
 317 447 682 879
 318
 318 560 706 1077
 318
 319 756
 319
 320
 320
 320
 321 402 1004
 322
 323
 323 413 461 801 1163
 323
 323
 323
 323 712 834
 324 375
 325
 326 812 824
 326
 326
 327 329 585 627 702 756 1097
 327 768
 327
 328
 328 794
 328 622
 328
 329
 329
 329 730
 329
 330
 330
 330 543 857
 330 845
 331 844 1161
 331 378
 331 524 528 670 751 1152
 332
 333
 333 583
 334 335 568 1199
 335 707 1058
 335
 336
 336
 336 1034
 336
 337
 337 616 662
 337
 337
 338
 338
 338
 338
 339
 339
 339
 341
 341
 342
 343
 343
 343
 344
 344 1211
 345
 345
 345
 345 781 1192
 345 781
 346 1177
 346
 347
 347 366 366 380 586 1055
 348 776 1101
 348
 349
 349 512 582 817 871
 350 583 750 868 869 904 1100
 350
 350 1154 1154
 350
 351 366 367 368 370 376 387 389 390 391 393 394 541 591 639 750 877 879 884
 351
 351
 351 382
 352
 352 533 696 761
 352
 352 356 357 1199
 352 356 357 714
 353
 353 894
 354 761 1170
 354
 354
 355 386 397 1182
 355
 355
 356 357 584
 356 357
 356 357
 358
 359
 360 1035
 360 826 828 1020 1139
 360
 360 760 787 893 1132
 360 856 1020 1051
 361
 361
 361
 362 1133
 362
 363
 363 902
 363 613 617 681 839 1110
 363
 364 1024
 364 739 1211
 364 741
 365 415 616 754 840 919 1103
 365
 366 368
 366 366 367 367 757 1009
 366 367 742 776 1014 1021 1060
 367 369 386 707 754 1115 1116 1117
 367
 367 1004
 368 1049
 369
 369
 369
 370
 371
 371
 371
 371
 371
 372 697
 372
 373 477 813 1020
 373 376
 373 376
 373
 373 393 741 781
 374
 374 535
 374
 375
 375
 376
 377
 378 413 617 708 732 1053
 378
 378
 379 404 1064 1087 1143 1184
 379 748
 379
 379
 380
 380
 381
 382 773
 382
 383 383 506
 383 498 597 706 767
 384 606 738 1180
 385
 386
 386 1125
 386
 387 602
 387
 387
 388
 389 390
 389 390
 389 390 770 996
 389 390 604 623 681 716 923 1003 1205
 389 390 576
 389 390 423
 391
 391
 391
 391 542 1205
 392
 392 765 871
 392
 393
 393
 394
 394 766 1097
 394
 394 394
 395
 395
 395
 395
 395 790 1032
 396
 396 507
 396
 396
 396 442 607 861
 397
 397
 397 453 733 1026
 397 636 819
 398 614 679 817 871 1053
 398
 398
 398 1096
 398
 398 618
 398
 399
 399
 399 859 862
 400
 400
 400
 400 1091
 401
 401
 403
 404
 404
 404
 404
 405 766
 407
 407
 407 900 1074 1118
 407
 408
 408
 409
 409
 411
 411 666
 411
 413
 414 1025 1038
 414 585
 414
 415
 416
 417 418 420
 417 418 418 552
 418
 418
 419
 420
 421 421
 421
 421
 421
 422
 422 1107
 422
 422
 422 558
 423
 423
 424 429
 424 429 482
 424 429 598
 424 429 798
 425
 425
 425 1077
 426
 426
 427
 427 1132
 427
 427
 428
 428 702
 428
 428
 430
 430 653
 430 514
 431
 431 1125
 431
 432
 432
 432
 432
 433
 433
 433
 433 636 739
 435
 436 813 857
 437
 437
 437
 437
 439
 439
 440 1033 1054
 440 733 1048
 440
 441
 441
 441
 442
 442 1105
 442 917 1031
 442
 443
 444 1061
 447
 447
 447
 447 447
 447
 448
 448 886
 448 913
 448
 449
 449
 449
 449
 450
 450
 450
 451
 452
 452
 453 688 1071 1075 1076 1079 1080 1088 1093 1094 1108 1136 1143
 453
 453
 454
 455
 455
 455
 455
 455 563
 456
 456
 456
 456
 457
 457
 457 507
 457
 458 458 470 470 830
 458 470 792
 458 470 664 832
 458 470
 458
 459
 459
 459 626 1140
 459
 460
 460
 460
 461
 461
 462
 462 1121
 464 465
 464 465 814 1140
 464 465
 464 465
 466
 467
 467 763
 468
 468
 469 510 794
 469
 469
 470
 471 471 473 473 474 474 475 475
 472
 472 700
 472 477
 472 1135
 473
 476 480 520 698
 476
 476
 476 480
 477 793 918 996
 477
 478 479 1173
 480
 481 1007
 481 619 770 813 1001 1001 1119
 482
 482
 482
 483
 483
 484 488
 484
 484 525 912
 484
 484 833
 485
 485
 485
 486
 487 646 671 791 1050
 487
 488
 488
 489 864
 489
 490 805 1172
 490
 490 635 701 704
 490 1172
 490
 491 496 745
 491 921 921
 491
 492
 492
 493
 493
 493 691 838
 493 1192
 494 495
 494 495
 494 495
 495
 496
 497
 497
 497
 497 584
 498
 499
 499
 499
 499
 500
 501
 501
 501
 501
 501
 502
 503
 504
 504
 504 1103
 504 795 1167
 505 783
 506
 506
 506
 506
 507 534
 507
 508
 508 514 623 841 872 896 899 901 1033 1116 1117
 508 578 683 879
 508
 509
 510
 511
 511
 511
 511
 511
 512
 512
 512 1151
 513
 513
 513
 514
 514
 515 516
 515 516 517
 515 516
 515 516
 515 516
 517
 517
 518
 518
 519
 519
 519
 519
 520
 520 1098 1111
 520
 520 673 1012
 520
 521 1196
 521 558 679 783 793
 521 541
 522 811 857
 522
 522 522
 522
 522
 522
 523
 523 1203 1208
 524 530 588 781 899 1153 1187
 524
 524
 524
 525
 526
 526
 527
 527 574
 528 529
 528 529
 528 529
 529
 529
 530
 530
 530 875 876
 531
 531
 531
 531
 532
 532
 532 649 1089
 532
 533 700 1032
 533 534
 533 533 534
 533
 533
 533 590 1192
 535
 535 730
 535
 535
 536
 536 1005
 536
 537
 537
 538 1078 1113
 538
 538 1113
 539
 539
 540
 540
 540
 540
 541
 541 1056 1141
 542
 542 1128
 542
 542
 543 847 1009
 543
 544
 545 758 769 849
 545
 546
 546
 547
 548
 548
 549
 549
 550 684 1081
 550
 551
 551
 551
 551 571
 552
 552 563 879
 552 639
 553
 553 865 907
 554
 555
 555
 555
 556
 557 706 1161 1191
 557
 558
 558
 559
 559 741
 559
 560
 561
 561
 562
 562
 562
 562 843 1023
 563
 563
 564
 564
 564
 565
 565
 566
 566
 566 707
 566 859 1111
 567 661 735 738
 568 1192
 568 578
 568
 569
 569
 569 1056
 569 702
 570
 570
 571
 572
 572 686
 573
 573
 574 821
 574
 575 586 1074 1118
 575 625 670
 576
 576 606 610
 577
 577
 577
 578 668 774
 578 588
 578
 578
 579
 580
 580
 580 847
 580
 581 796
 581
 581
 581 745
 581
 582 817 871
 582 1018 1069
 583
 583 810
 583 1097
 584
 584
 584
 584 826 828
 584
 585
 585
 585
 586
 587
 587
 588
 588
 589
 589
 589 708 809
 589
 590
 590
 590
 591
 591 860
 592
 592
 592
 593
 593
 593
 594
 595
 595
 596
 597
 597
 598
 598
 598
 598
 598 1194
 598 739 742 1141
 598 1133
 599
 599
 600
 600
 601
 601
 601
 602 811 831
 602
 603
 603
 603
 604
 604
 604 823 1105
 605
 605
 605
 607
 607
 608
 608
 608
 609
 609
 609
 609 698 833 850
 610
 610
 611
 611
 612
 613
 613
 613
 613 627 765 779
 613
 614
 614 649 1161
 614
 614
 614
 615 653
 615 1057 1086 1154
 616
 616 677 700
 616
 616
 616
 617
 617 663 852 1125
 617
 617
 618
 618
 618
 619 673 710
 620
 620
 621 623
 622 1034
 622
 625
 626
 626
 626
 627
 627
 627 652 661 1099
 627
 628
 628
 628 749
 628
 628 761
 629
 629
 630
 630
 630
 631
 632
 632 849 850
 633
 633
 633
 634 1126
 634 1099
 634
 635
 635
 636
 636
 636
 637
 638
 638
 638
 638
 638
 640
 640 855
 641
 642
 642 716 889
 642
 642 1143
 642
 642
 643 645
 643
 643 645 646 646 741
 643 645
 644
 644
 644
 645 1094 1136
 645
 645
 646
 646
 647
 647
 648
 648 682
 648
 648
 648
 649
 649
 649 709 732
 649
 650
 651
 651
 652 652
 652
 653
 654 758 897 1026 1185
 655 885
 655
 656 894
 656
 657
 658
 658
 658
 658
 659
 659 1203
 659
 659
 660
 660 847
 660
 660 761 1178
 661
 662
 663
 663 1125
 663 1156
 663
 663
 664
 664
 665
 665
 666
 667 673
 667
 668 1001
 668
 668
 668
 669 728
 669
 670
 670
 670
 671
 671
 671
 671
 672
 672
 672
 673
 673
 674
 674 715
 674 675
 675
 675 766 1016
 676
 677
 677
 678
 678
 678
 678
 678
 679
 679
 679
 681
 682
 682
 682
 682 920
 682
 682 1146
 682
 683
 683
 684
 684
 685
 685
 685
 685
 686
 687 1037
 687
 687
 687
 688
 688
 689
 689
 689 893
 689 729
 690
 691
 692
 693
 693
 693
 693
 694
 694
 694
 694
 695
 696 824
 697
 697
 697
 698
 698
 698
 699
 700
 700 840
 701
 701
 702
 703 703
 703
 704
 704
 705
 705
 705
 706
 707
 707
 707
 708 910
 708
 708
 709
 709
 709
 711
 711 1035
 711
 712
 712
 713
 713
 714
 714
 714 1193
 715
 715 835 925 1009 1168
 715
 716
 716 923 924
 717 758 916 1007
 717
 718
 718 916 1078
 718
 720 726 737 883
 720
 721
 721
 722
 722
 723 826 828 1066
 723
 724
 724
 724
 724
 725
 725
 725
 727
 727
 727
 728
 728
 728
 729
 729
 730
 731
 732
 732 744 1184
 733
 733
 733
 733
 733
 734
 734 839
 735
 735 878
 736
 736 748
 736
 737
 737
 739
 739 800
 739
 740
 740 769 882 1097
 740
 740
 742
 742 896
 743
 743
 744 832
 746
 746 1149
 746
 747
 748
 748
 748
 749 1048
 749 1006
 749
 750
 751
 751
 751
 751 813 1062 1081
 751
 752
 752
 752
 753
 753
 754
 754
 754
 754
 755
 755
 755
 756
 756
 756 767
 757 1090
 757
 758
 758
 759
 759
 759
 759
 760 787
 760 787
 761
 762
 762
 762
 763
 764
 765 779
 766
 767
 768
 768 1066
 768
 768
 768
 771
 771 1005
 771 925 1202
 772
 772
 772
 773
 773
 774
 775
 775
 775
 775
 775
 776
 776
 776
 777
 777
 777
 778
 778
 778
 779
 779
 780
 780
 781
 781
 782 834
 782
 782
 782
 783
 784
 784
 784
 785
 785
 786
 786
 786
 788 789
 788
 789
 790
 790
 790
 791
 791
 792
 792
 792
 793
 793
 793 901 1006
 793
 793
 793
 794
 794
 795
 795
 795
 795
 795
 796
 796
 797 830 846 880 1028
 798
 799
 799
 799
 799
 800
 800
 800
 800
 800
 801
 801
 801
 802 1199
 802 895 1199
 803
 803
 803 1123
 803
 803 809
 804
 804
 804
 804 1069
 805
 806
 806
 806 1146
 806
 807
 807
 808
 808
 809
 809
 809 1164
 810
 810
 811
 811
 811
 813
 814
 815
 816
 816
 817
 817
 817
 818
 818
 818
 818
 818
 819
 819
 820
 822
 822
 822
 823
 824 896
 825
 825
 825
 826 828
 826 828
 826 828
 826 828
 826 828
 826 828
 827 853
 827
 829
 829
 830
 830
 831
 832
 832
 832
 833
 833
 834
 835
 835
 835
 836
 837
 837
 838
 840
 841
 843
 843 1139
 843
 845
 845
 845
 846 880
 847
 849 850
 849 850
 849
 850 1203
 851
 851
 851
 852
 852
 852
 852
 853
 854
 854
 855
 856
 856
 856
 856
 857
 858 1180 1193
 859
 859
 859
 859 1060
 860
 862 1051 1073
 863
 864 1171
 865
 865 908 1210
 866
 866
 867
 868
 868
 868
 868
 868
 869
 870
 870
 871
 871
 871
 872
 872
 872
 873
 873
 875 876
 875 876
 877
 877 1116 1117
 878 1123
 878 1132
 879
 881 905
 881
 881
 882
 882
 882
 883
 883
 884
 884 1052 1052
 885
 885
 885
 886
 887 1129
 887
 887
 888
 888
 889
 889
 890 891
 892
 892
 893
 893
 893
 893 1132
 893
 894
 894
 897
 897
 897
 898
 899
 899
 900
 901 1011
 902
 903
 903
 903
 904
 904
 904
 904
 905
 906
 906
 906
 907
 907
 907 919
 908
 908
 909
 910 915
 910
 910 1069
 911
 912
 912
 912
 913
 913 917 918 1160
 914
 914
 915
 915 1011
 915
 916
 917
 917 918
 917
 918
 919
 919
 920
 920
 920
 921
 921
 922
 922 1135 1141
 924
 925
 925
 993
 994
 994
 996
 996
 996 1116 1117
 997
 998
 999
 999
 999
 1002
 1003
 1004
 1005
 1005 1033
 1005
 1007
 1007
 1007
 1007
 1008
 1008 1008
 1008
 1008
 1008
 1008
 1008
 1009
 1009
 1010
 1011
 1012
 1012
 1013
 1013
 1013
 1013
 1014 1021
 1014 1021
 1014 1021
 1015
 1015
 1016
 1016
 1016
 1016
 1016
 1016
 1017
 1017
 1017
 1017
 1018
 1018
 1019
 1019
 1019
 1019
 1020
 1022
 1022
 1022
 1022 1112
 1024
 1024
 1025
 1025
 1025 1156
 1026
 1026
 1026
 1026 1031
 1027
 1028
 1028
 1029
 1029
 1030
 1031
 1031
 1032
 1033
 1033 1054
 1034
 1035
 1035
 1035
 1036 1172
 1036
 1037
 1037
 1038
 1038
 1038 1184
 1049
 1050
 1050
 1051
 1051
 1052
 1052
 1052
 1052
 1053
 1053
 1053
 1054
 1054
 1054
 1055
 1055
 1055
 1056
 1056
 1056
 1056
 1057
 1057
 1057
 1057
 1058
 1058
 1058 1105
 1059
 1059 1124
 1059
 1059
 1060
 1060
 1061
 1061
 1061
 1061
 1062
 1062
 1062
 1062
 1062
 1062
 1063
 1063 1104 1157
 1063 1104 1157
 1063 1104 1157
 1064 1087
 1064 1087
 1064 1087
 1064 1087
 1064 1087
 1065
 1065
 1066
 1067
 1067
 1067
 1067
 1068
 1069
 1069
 1069 1069
 1070
 1070
 1071
 1072
 1072
 1074 1118
 1074 1118
 1075
 1076
 1076
 1077
 1077
 1078
 1079
 1079
 1079
 1079
 1079
 1080
 1080
 1080
 1081
 1081 1187
 1081
 1082
 1082
 1083
 1083
 1083
 1084
 1084
 1084
 1085
 1085
 1085
 1086
 1086
 1088
 1088
 1089
 1089
 1090
 1090
 1091 1094 1119
 1091
 1092
 1092
 1093
 1093
 1093
 1094
 1094
 1095
 1095
 1096
 1097
 1098
 1098
 1099
 1099
 1099
 1100
 1101
 1101
 1102
 1104 1157
 1105
 1105
 1106
 1107
 1107 1162
 1108
 1108
 1109
 1110
 1110
 1110
 1110 1179
 1110
 1111
 1111
 1111
 1112
 1112
 1112
 1113
 1113
 1114
 1114
 1115
 1115
 1115
 1116 1117
 1116 1117
 1119
 1120
 1120
 1121
 1122
 1122
 1123
 1124
 1124
 1124
 1126
 1127
 1127
 1127
 1127
 1128
 1128
 1128
 1129
 1130
 1131
 1132
 1132
 1132
 1133
 1133
 1134
 1134
 1135
 1135
 1135
 1135
 1135
 1135
 1136
 1136
 1136
 1136
 1138
 1138
 1138
 1139
 1139
 1139
 1140
 1140
 1142
 1142 1202
 1143
 1143
 1143 1201
 1144
 1144
 1145 1152 1155
 1145
 1146
 1146
 1146
 1147
 1147
 1148
 1149
 1149
 1150
 1151
 1151
 1152
 1152
 1152
 1152
 1153
 1154
 1154
 1155
 1156
 1156
 1156
 1159
 1159
 1159
 1159
 1160
 1160
 1161
 1162
 1163
 1163
 1163
 1163
 1164
 1164
 1164
 1164
 1165
 1165
 1166
 1166
 1167 1204
 1168
 1168
 1168
 1169
 1170
 1170
 1170
 1170
 1170
 1171
 1172
 1173
 1174
 1174
 1174
 1174
 1175
 1175
 1175
 1176
 1176
 1177
 1177
 1178
 1178
 1178
 1178
 1178
 1178
 1181
 1181
 1182
 1182
 1182
 1183
 1183
 1183
 1183
 1183
 1183
 1184
 1184
 1184
 1184
 1185
 1185
 1187
 1187
 1188
 1188
 1188
 1189
 1189
 1189
 1189
 1190
 1190
 1191
 1191
 1191
 1191
 1192
 1193
 1194
 1195
 1195
 1195
 1196
 1196
 1197 1198
 1197
 1198
 1198
 1198
 1199
 1200
 1200
 1201
 1201
 1202
 1202
 1202
 1203
 1203
 1204
 1205
 1205
 1206
 1207
 1207
 1208
 1208
 1209
 1209
 1210 1210
 1210
 1210
 1211
 1211
 1211
 1211
