994	319,142,828,189,430,237,1005,1072,870,681,622,1210,1121,1077,542,1166,994,522,765,242,1114,635,1205,128,1169,72,696,79,848,903,466,303,208,1022,264,873,95,665,581,171,796,782,612,216,1056,182,1051,260,823,757,737,625,527,894,834,567,701,27,278,201,341,863,564,325,467,860,825,239,266,615,1065,1090,443,826,686,1176,113,653,459,320,858,1150,831,599,747,1180,78,407,1048,83,1189,797,584,1206,109,254,923,753
516	516
495	495
1113	1113
909	402,249,437,252,909,243,1091,284,321,1004
766	819,573,147,1110,868,636,71,70,281,119,56,24,349,117,777,897,1052,505,33,300,233,881,643,1182,779,521,598,327,144,817,390,560,917,425,302,329,534,1138,464,88,558,519,267,223,774,624,993,490,236,736,1094,1027,80,172,674,608,286,483,125,288,810,763,750,1006,453,452,642,1183,389,762,124,476,456,102,786,816,651,211,574,580,10,93,676,1172,474,167,1066,855,413,536,234,672,529,768,35,619,105,18,461,518,198,876,51,720,689,165,1168,1096,38,1163,5,1193,1093,802,621,596,55,1171,718,32,1059,415,1057,713,66,1117,655,1143,39,151,1170,225,646,504,448,429,322,122,297,318,716,513,193,790,1124,81,743,190,922,333,3,1012,733,42,1162,540,86,784,605,480,919,712,808,896,460,45,508,444,526,312,1020,37,344,1149,866,704,65,1088,995,374,1087,1029,652,867,575,273,693,571,489,469,146,17,744,212,1034,160,1017,613,746,719,901,778,53,514,441,883,544,1156,186,324,579,1195,711,127,350,290,1032,532,1009,722,62,210,1184,383,244,1067,332,729,554,539,181,906,304,375,893,422,169,1100,1097,484,366,351,240,813,663,497,617,996,398,299,525,419,1106,812,726,25,548,149,730,562,1016,28,487,1103,865,654,313,888,507,627,289,2,606,1003,90,839,682,910,632,493,258,89,134,740,814,1107,178,904,163,758,156,316,1079,401,96,340,359,276,724,1030,298,231,1160,607,330,1161,886,604,586,1083,859,836,715,691,552,265,1131,1053,550,1075,363,268,1132,708,705,551,468,232,620,1082,46,87,395,222,200,780,307,800,794,759,1125,656,531,1194,76,44,40,111,546,707,1211,661,902,827,614,424,378,1123,428,748,576,924,775,840,294,364,882,918,783,553,241,161,408,141,179,638,108,472,1158,317,609,1115,1049,370,891,791,856,530,496,649,57,158,1095,393,1078,1076,793,130,895,787,675,561,1026,824,566,271,67,832,1061,442,1119,1010,481,892,131,1164,751,869,217,703,509,282,714,1173,63,1060,569,626,99,1035,1202,1024,616,741,668,670,486,755,666,403,386,168,857,491,423,259,162,155,650,382,15,760,1000,887,331,314,465,73,94,524,1165,457,618,844,347,397,372,283,1142,1116,885,1080,799,123,1109,998,900,742,255,754,706,541,1086,180,739,687,228,1073,804,634,595,416,776,101,820,877,684,285,230,671,293,454,227,77,492,197,781,439,631,1198,114,1021,766,426,405,1201,194,157,61,477,433,822,257,103,838,591,110,792,628,84,209,215,829,361,263,843,688,19,660,410,908,473,235,345,310,369,6,533,841,447,129,771,191,343,1148,837,690,21,875,328,811,806,788,451,213,196,1191,914,69,1108,309,337,512,920,699,432,238,13,436,864,680,664,850,1192,135,549,728,770,295,872,323,1015,1050,152,597,485,1200,1145,1023,85,517,355,253,58,1126,475,1064,852,399,224,710,365,311,594,499,64,809,177,270,1014,1144,702,52,880,854,695,482,1018,1036,248,756,725,601,404,1011,1186,890,773,348,1141,907,438,1178,450,218,219,184,462,1120,315,34,256,528,1152,440,749,16,1070,1153,835,207,1081,803,585,1181,59,400,1190,572,727,187,916,421,388,112,846,842,411,137,593,48,346,640,862,1207,1134,269,1025,538,798,645,1135,912,698,245,115,1085,287,874,821,709,503,387,353,277,1028,1002,1188,47,511,639,1199,1031,685,510,427,342,118,1058,471,352,697,630,498,97,1122,4,662,376,559,678,43,202,861,1179,1055,853,138,1037,745,338,12,520,391,669,637,449,1101,623,1105,176,29,214,306,818,590,14,1128,1007,807,1071,154,360,1140,769,610,406,1151,555,1185,116,368,1167,1155,557,164,1187,1038
860	523,1208,568,1118,683,143,11,435,805,445,381,578,31,1013,602,30,334,878,175,1074,412,1111,192,188,280,446,362,734,204,659,414,205
515	515
494	494
999	326,74,247,1008,49,409,50,925,455,308,785,251,121,851,132,1159,100,275,1133,913,185,82,8,845,535,148,1157,54,250,1139,1196,470,120,644,1146,738,889,183,915,1033,301,717,367,336,206,139,789,226,871,75,203,133,764,898,732,246,1204,1174,1136,761,417,106,589,458,479,911,847,379,373,677,547,262,588,884,700,1197,501,1147,392,1102,292,98,679,220,107,1129,899,173,1099,543,296,221,587,357,384,723,667,1089,1054,570,1069,22,291,358,752,735,556,488,394,153,1104,1063,140,261,335,396,159,879,126,1112,905,673,1098,1019,582,565,647,1177,545,272,1062,833,1084,692,356,537,772,478,611,563,7,1092,136,1130,648,592,1203,1068,166,91,815,9,354,229,170,104,274,92,830,145,600,583,999,801,431,380,1154,795,603,418,921,849,279,767,174,1001,577,305,694,41,506,339,195
97	420
