git4idea 2 3 78 79 474 696
no 2 44 131 158 684 1083 1125
interactive 2 3 1148
option 2 3 12 182 202 361 391 433 527 531 704 833 908 911 1100 1102 1148
on 2 3 38 69 70 71 81 141 210 236 240 241 245 253 333 366 382 467 507 517 613 627 642 656 660 663 681 701 704 745 759 766 783 813 863 866 914 1012 1078 1089 1116 1117 1131 1143 1163 1178 1183 1184 1190 1200 1201 1203
rebase 2 3 575
by 2 58 109 213 225 256 267 351 388 453 533 535 620 628 645 676 729 854 995 1159 1199
default 2 3 160 267 351 362 366 634 855 1204
not 3 39 62 110 123 148 164 194 200 212 312 327 355 367 369 386 398 496 533 544 580 585 591 627 630 698 702 704 722 756 778 1014 1017 1021 1060 1073 1097 1116 1117 1134 1141 1192
IDEA 4 5 6 7 8 9 10 14 15 19 20 20 22 23 25 26 26 28 29 31 32 37 38 39 40 41 43 44 45 46 47 48 49 50 50 51 55 60 60 62 63 68 69 73 76 80 90 98 100 104 109 116 117 119 123 128 133 135 136 147 156 158 160 161 164 166 173 174 175 178 180 194 196 199 200 209 212 219 227 235 243 249 250 252 255 256 257 259 263 265 266 271 278 282 284 287 289 305 307 315 317 320 323 330 337 343 347 358 396 401 424 429 430 431 433 435 442 447 448 459 460 461 497 499 515 516 517 518 519 520 522 525 542 552 562 566 569 571 574 579 580 585 593 596 600 601 607 609 630 636 637 641 643 644 645 646 660 678 682 686 691 698 704 713 715 718 743 772 778 780 782 795 799 800 806 809 811 813 818 834 843 845 849 849 850 850 854 859 865 871 872 875 876 881 883 885 889 893 899 903 904 909 917 920 922 925 998 1003 1005 1007 1008 1009 1013 1014 1015 1016 1017 1019 1020 1021 1022 1024 1025 1027 1031 1033 1034 1035 1037 1052 1054 1055 1056 1057 1058 1059 1060 1061 1062 1064 1065 1067 1069 1071 1075 1076 1077 1079 1080 1085 1087 1088 1090 1093 1094 1098 1099 1100 1101 1105 1108 1110 1111 1112 1116 1117 1122 1123 1132 1134 1135 1136 1139 1143 1144 1152 1163 1177 1183 1185 1188 1196 1203 1207 1211
76312 4
Copyright 4 4
No 4 363 1025 1156
available 4 129 316 1138
dialog 4 31 42 287 501 622 696 698 779 823 901 1020 1035 1056 1068 1095 1144
opens 4
empty 4 62 329 843 1152
Settings 4 110 398
Hi 5 215
this 5 46 62
is 5 7 8 39 40 44 62 65 76 111 117 147 168 169 212 212 217 313 351 450 496 497 550 569 574 580 643 645 689 759 798 1003 1031 1073 1199
a 5 42 80 85 85 93 93 157 167 187 218 225 235 235 235 253 259 259 268 281 289 303 325 337 350 351 361 408 466 471 473 474 475 496 510 520 522 532 702 707 733 743 777 778 811 826 828 857 865 881 901 912 996 1007 1014 1021 1029 1064 1064 1071 1075 1076 1080 1087 1087 1088 1095 1108 1126 1132 1140 1143 1199 1211 1211
bugfix 5
78472 5
69292 6
make 6 30 58 104 129 486 518 569 652 915 995 1107 1126
merge 6 887
possible 6 42
from 6 100 101 120 138 158 170 250 260 273 280 281 305 361 362 380 386 397 412 413 445 446 448 462 509 533 555 575 586 602 630 645 659 703 712 733 744 754 776 790 804 860 897 919 1036 1066 1074 1118 1121 1168 1170 1174 1208
console 6 25 62 114 166 173 179 180 181 386 395 397 486 593 638 767 1069
88520 7 8
When 7 8 9 186 1059
applying 7 8 9
dark 7 8 9
color 7 8 9 9 286 517 702 837 1065
scheme 7 8 9 328 366 837
and 7 8 9 12 19 38 49 51 62 70 71 75 82 139 140 166 173 203 206 216 220 221 260 262 274 275 289 305 338 339 367 392 393 409 426 501 506 522 531 565 570 577 582 598 603 645 648 650 673 673 722 761 785 795 825 833 849 879 907 915 921 999 1007 1017 1033 1069 1079 1084 1133 1135 1168 1173 1189 1194 1196
ColorIde 7 8 9
plugin 7 8 9 50 66 91 92 119 120 145 147 148 151 158 228 261 305 348 349 443 453 458 470 496 622 624 679 720 732 744 797 797 830 844 1033 1054 1092 1099 1169 1193
then 7 8 9
settings 7 8 139 158 319 339 388 450 475 624 636 1179
tree 7 8 9 258 542 543 615 898
displayed 7 8 212 496
incorrectly 7 8 608
88526 9
several 9 232 783 882
types 9 133 136 477 560 889 1150
of 9 74 98 104 115 118 132 148 153 153 159 168 169 170 174 183 185 229 240 246 250 259 262 272 296 308 326 336 350 354 366 367 379 380 394 396 400 400 423 455 488 532 535 545 556 563 583 592 648 667 673 679 685 687 687 688 691 694 700 717 723 732 735 752 767 801 806 845 847 859 871 881 884 889 898 899 905 925 999 999 1001 1005 1008 1019 1053 1054 1062 1062 1063 1068 1085 1089 1098 1104 1136 1139 1154 1157 1159 1168 1174 1197 1197 1200 1203 1204
nodes 9 286 519 810 1089
are 9 10 14 148 149 219 285 447 684
always 9 65 196 519 591 769 1011
have 9 110 351 394 566
black 9
text 9 135 531 662 801 1031 1208 1208
80292 10 14
RunProfile 10 14
name 10 14 84 108 183 222 245 295 325 337 351 365 388 448 467 521 541 557 559 566 585 586 615 770 775 820 827 854 912 1020 1033 1141
too 10 14 551 901
much 10 14
truncated 10 14
in 10 11 14 34 41 44 44 48 49 50 50 50 55 85 87 88 90 91 92 93 100 109 118 121 122 129 133 135 142 144 147 153 155 156 157 158 161 168 169 177 184 188 191 203 211 213 214 219 225 232 233 242 247 257 258 262 263 265 269 272 279 286 287 298 304 312 319 327 330 337 349 353 356 357 358 365 383 392 394 395 405 409 423 424 427 429 431 433 436 439 441 442 449 461 472 484 485 497 501 506 507 523 524 536 538 541 543 549 562 566 571 571 576 588 589 598 601 604 607 614 616 617 621 622 623 631 648 662 670 672 674 675 678 685 688 695 699 704 707 708 709 711 711 712 713 714 732 736 744 746 757 767 768 768 769 772 779 781 784 801 802 803 810 811 814 816 817 823 827 831 835 836 843 852 856 857 867 871 872 875 876 886 895 897 901 907 907 912 912 913 914 917 919 920 924 996 1004 1013 1018 1020 1024 1029 1029 1033 1035 1048 1052 1067 1069 1076 1079 1080 1083 1088 1090 1095 1106 1108 1111 1113 1114 1119 1120 1123 1133 1135 1139 1145 1155 1168 1170 1170 1180 1185 1186 1187 1193 1196 1202
file 10 14 22 39 41 100 104 133 135 136 139 195 210 222 226 250 251 291 292 301 302 388 403 535 536 589 595 647 833 1033 1082 1115 1179
context 10 14 100 141 320 831 853 1192
popup 10 14 245 285 743 922 1060
menu 10 14 74 100 138 320 645 743 853
Remove 11 148 250 279 408 478 479 523 563 570 586 676 677 722 764 772 1036 1102 1112 1148 1186 1201
extra 11 175 843 878 1081
space 11 235 235
the 11 19 30 31 37 74 81 114 119 132 143 153 156 158 160 161 162 162 175 188 190 192 196 204 205 213 216 220 221 229 237 245 246 260 281 283 313 341 344 344 351 351 366 366 367 381 394 394 394 414 435 453 510 521 523 568 578 583 585 586 590 649 656 679 679 683 687 687 689 715 720 747 779 783 798 801 805 811 818 857 860 918 1001 1008 1009 1013 1014 1017 1017 1020 1021 1037 1037 1056 1068 1068 1074 1095 1110 1111 1118 1128 1128 1141 1141 1145 1149 1154 1154 1191 1198 1208
Click 11
to 11 12 13 15 19 19 22 27 28 29 31 32 38 39 42 62 69 72 80 83 98 103 106 107 114 120 129 129 137 145 156 158 160 161 162 163 167 170 175 182 183 187 192 195 204 205 207 216 224 225 234 241 245 246 248 252 256 260 266 269 271 273 283 297 301 308 311 320 325 326 332 339 341 344 345 352 355 356 357 360 361 363 366 367 368 383 383 396 404 405 408 409 414 428 435 450 455 458 460 467 470 483 483 491 506 510 511 514 522 534 536 539 542 548 557 564 566 567 569 578 581 595 604 611 616 617 621 622 623 635 637 639 643 645 646 658 664 679 681 683 684 694 696 701 703 704 711 714 715 718 724 735 737 740 741 743 745 747 753 762 775 777 778 791 792 795 795 796 800 804 805 811 822 824 825 826 828 831 832 839 840 851 857 860 864 868 881 892 896 898 905 908 913 994 1001 1005 1014 1017 1021 1022 1024 1028 1034 1034 1035 1050 1055 1056 1056 1060 1060 1064 1087 1097 1125 1128 1140 1141 1142 1143 1150 1152 1156 1160 1167 1170 1184 1189 1195 1198 1210 1211
browse 11 83
link 11 212 349 624 694
Fix 12 86 96 118 151 152 168 169 177 194 210 213 218 219 224 240 244 268 277 290 302 322 340 349 353 360 369 378 382 386 387 397 399 400 406 410 416 419 423 424 425 429 432 441 449 453 456 468 472 482 503 504 525 551 560 561 573 574 595 596 605 608 610 614 617 621 626 630 632 637 638 649 654 669 674 675 685 688 691 695 697 699 705 708 733 736 742 746 760 766 769 779 784 787 798 802 806 813 821 827 842 852 854 855 859 865 867 874 900 902 907 917 920 998 1000 1009 1014 1017 1018 1021 1023 1026 1029 1053 1067 1071 1075 1076 1079 1080 1085 1088 1093 1106 1108 1109 1141 1158 1168 1181 1200
JFlex 12
s 12 85 93 312 314 485 624 715 722 749 771 904 1049 1115 1163
Action 12 431 1034
GENERAL_LOOK 12
lookahead 12
work 12 55 90 118 164 196 241 398 442 486 706 752 1202
with 12 52 53 108 112 118 123 124 130 155 190 235 235 240 245 287 289 299 310 338 345 350 352 383 391 398 410 421 477 512 514 521 532 540 560 564 581 626 627 634 636 638 646 649 650 652 661 682 685 762 813 908 916 1007 1020 1037 1109 1141 1173 1182 1183 1205
charAt 12 417
sliceandcharat 12
Updated 13 458 470 822
Bundled 13
TestNG 13 212
version 13 177 213 228 228 244 491 630 723 822 832 844 844 1028
6 13 498 661 895 1028 1170 1170
5 13 663 1028 1078 1109
2 13 157 173 429 498 573 661 880 895 1021 1142
74131 15
Maven 15 146 174 178 254 266 278 448 904 1005 1005 1066
interpolation 15
error 15 70 71 491 517 572 573 685 704 798 922 1012 1089
Failed 15
interpolate 15
field 15 225 259 346 365 391 393 541 548 779 922
Hg4idea 16
create 16 345 356 744 774
branch 16 84 85 93 230 231 245 245 436 566 575 732 743 744 1055
FogBugz 17
tasks 17 122
integration 17 38 43 680 782 894
for 17 35 43 44 49 64 79 82 90 91 92 95 96 97 108 109 112 113 118 122 126 130 136 140 145 153 159 162 164 166 171 173 201 203 204 205 206 219 223 226 237 239 242 244 253 254 258 268 277 283 288 294 308 314 315 318 323 325 329 345 346 355 359 360 363 372 374 387 392 393 399 403 407 410 430 436 437 455 455 458 459 464 465 467 470 491 495 498 504 515 516 520 527 528 529 529 531 532 535 552 558 558 559 560 562 565 568 577 581 584 596 599 602 603 605 610 612 615 619 620 622 637 640 653 663 686 697 697 702 706 707 710 714 716 725 730 733 742 755 756 757 761 765 770 778 779 792 797 802 807 808 810 821 830 833 841 848 850 853 855 858 870 873 877 879 904 918 922 923 925 998 1002 1003 1015 1025 1026 1033 1048 1051 1061 1062 1065 1069 1094 1107 1115 1140 1148 1149 1151 1156 1169 1175 1176 1177 1179 1179 1200 1205
IntelliJ 17 201 520 1107
Idea 18 453
91145 18 19
Enhance 19 603
org 19 872 1151
jetbrains 19 737 1151
idea 19 39 124 156 158 177 411
maven 19 66 66 151 157 157 388 430 630 1101
server 19 1170
MavenEmbedderWrapper 19
execute 19
be 19 73 156 161 204 205 368 491 499 519 520 536 591 639 643 645 679 705 717 748 916 1007 1060 1086 1156 1191
able 19 198
specify 19 80 269
project 19 48 146 155 207 250 294 438 450 489 510 535 637 726 812 865 906 995 1054 1128 1145 1199
list 19 200 348 586 825 901 1058 1156
explicit 19 174 562 873 1150
profile 19 410
exclusions 19
73063 20
83158 20
IDEABKL 21 72 77 103 137 229 693
5131 21
Web 21
Proxy 21
Auto 21 829
configuration 21 40 579 812 831 1095 1114 1187
URL 21 122 328 622
35950 22
Generate 22 262
ant 22 39 39 43 112 131 213 459 517 579
build 22 47 49 66 126 157 163 171 213 216 226 332 528 529 650 720 745 792 810 817 851 1012 1033 1073 1089 1131
adds 22 1015
generated 22 276 283 366 367 448 1134
Ant 22 32 32 38 40 41 49 226
Build 22 32 39 41 857 1012
window 22 32 137 156 161 255 259 360 361 442 853 861 1069 1109 1199 1203
92541 23
New 24 361 389 390 401 807 817 1020 1058 1060 1144
highlights 24
95644 25
Support 25 41 232 283 300 392 394 462 506 571 601 650 725 783 786 833 895 1052 1069 1082 1120 1149
input 25 37 790
filtering 25 109 197
96000 26
96001 26
Add 27 72 83 109 113 114 128 142 153 159 182 208 216 237 239 242 254 260 266 303 319 320 325 341 407 426 443 466 467 522 527 564 567 581 584 615 622 625 681 686 696 701 704 735 737 739 747 753 757 765 782 796 797 823 825 826 828 834 848 857 858 860 863 873 894 903 908 923 994 1005 1022 1048 1051 1056 1065 1072 1077 1114 1121 1150 1176 1189 1205 1206 1210
right 27 204 205 435 1203
margin 27
guideline 27 251
commit 27 70 71 85 93 263 316 490 522 655 676 823 885 885 1172
message 27 172 263 517 683 777 793 1006 1051 1162
editor 27 261 829 920 1037
94184 28
hardcoded 28 262
value 28 407 576 1032
ChooseByNameBase 28
REBUILD_DELAY 28
moved 28 106 107 651
registry 28 161
properties 28 39 137 156 167 195 433 838 1005 1116 1117 1121 1197
71391 29
Adds 29 204 205 513
rename 29 90 351
manifest 29
package 29 114 170 392 466 567 733 757 912 1068
AndroidFacetConfiguration 29
tools 30
lexer 30 345 1133
jflex 30 30
1 30 157 240 280 412 445 446 573 649 709 822 846 1008 1028 1151 1170
4 30 118 240 318 804 804 1170 1170
bin 30
script 30 190 720 1125
executable 30 637
97356 31
Link 31
Specify 31 826 828
Master 31
Password 31
Help 31
topic 31 1051
36137 32
Drag 32
n 32
drop 32
scripts 32 650 792 851 899 911 1033
tool 32 137 156 161 255 442 702 853 861
add 33 38 62 63 137 138 248 433 740 785 877 883 1002 1178
Groovy 33 239 253 311 317 359 392 436
Introduce 33 326 352 356 357 587 644 692
local 33 154 365
variable 33 397 411 763 877 1141
CoreJavaFileManager 34 86 87 234
findClass 34 87
properly 34 87 298 299 367 376 706
resolve 34 87 227 598 719 728 814 839 1056
inner 34 87 108 159 372 718 854 1023
class 34 67 87 88 108 111 159 347 393 464 465 493 555 598 632 718 739 839 1020 1023 1192 1194
names 34 87 461 477 571 640 691
UnicodeEncodeError36 35
InputFilter 35
api 35 872 1195
change 35 141 158 162 724 784 1061
returning 35 608
List 35 455
87874 37
task 37 334 341 458 459 470 830 1059 1187
doesn 37 55 90 425 442 482 818 1132 1202
t 37 55 90 172 217 276 425 442 482 519 569 640 793 818 901 910 999 1011 1030 1055 1132 1202 1211
use 37 42 66 67 103 104 262 609 702 755 770 1014 1021 1140 1142
defaultvalue 37
36076 38
allow 38 62 160 184 223 507 590 637 724 792 896 1128 1171
remove 38 175 196 317 409 556 1129
multiple 38 41 521 528 679 848 1066 1153
files 38 47 49 88 111 333 359 405 462 464 465 604 627 679 724 850 864 1168
at 38 123 649 788
86115 39
command 39 104 534 535 549 680 686 802 833
line 39 246 267 534 535 549 551 568 574 833 875 876
config 39 66 386 430 620 630 679 726 1196
saved 39 707
xml 39 210 430 537 1005 1033 1033 1054
79593 40
target 40 720 735
filters 40 180 185 285 1098
table 40 881
randomly 40
sorted 40
40104 41
Check 41 1025 1073 1179
uncheck 41
items 41 74 431 507
props 41
Filters 41
Make 42 196 198 324 338 351 375 381 471 473 474 475 492 511 628 690 706 727 808 924 1049 1098 1105 1111 1193 1204
AddSupportForSingleFrameworkDialog 42
as 42 73 135 274 275 346 447 510 511 519 552 558 560 580 639 672 762 793 1078 1140
standalone 42
66284 43
description 43 436 501 717 1119
attribute 43 43 80
ele 43
97675 44
There 44
constructor 44 45 194 274 275 372 634 654 889
call 44 175 206 404 408 600 999 1123
usage 44 281 556 615 1159 1210
code 44 141 241 283 343 355 423 423 433 520 562 774 924 1036 1070 1172 1186
preview 44 1013
colors 44 579 837 1069
fonts 44
Java 44 253 319 327 603 714 833 1078 1123 1133 1139
99364 45
Highlighting 45
correction 45 1162
highlight 45 46 135 860
only 45 117 182 315 408 569 689
javaReference 45
without 45 618 718
type 45 48 106 107 130 135 273 342 355 477 477 517 545 552 689 715 779 832 848 1000 1003 1054 1061
parameters 45 48 469 562 609 848 881 1150
99403 46
Dont 46
super 46 662 739 854 855
keywords 46 233 860 921
while 46 268 425 678 705 906 922
highlighting 46 135 344 921
Constructor 46
Call 46
99287 47
ANT 47
toolwindow 47 49 857
prevent 47 225 639 712 1056 1178
duplicate 47 67 379 478 479 764
99003 48
Render 48
view 48 55 69 109 286 745 810 1012 1073 1145
31957 49
Permit 49
grouping 49 995
or 49 276 297 350 395 496 856
move 49 120 121
up 49 194 543 546 804 1110 1170
down 49 543
98030 50
Encoding 50
problem 50 155 265 596
comments 50 298 299 366 367 778 1139
hg4idea 50 230 231 637 743
78919 51
Resource 51 51 197
Bundle 51
Editor 51 203 809
Splitter 51 1022
forgets 51
its 51
position 51 367 1060
when 51 147 152 168 169 177 212 217 228 290 312 313 328 347 348 361 386 403 422 496 530 573 574 585 586 604 643 645 654 687 739 744 750 759 763 790 794 798 800 819 844 856 865 868 875 876 881 1006 1020 1031 1032 1055 1057 1083 1097 1110 1124 1125 1135 1179 1181 1182 1199
switching 51
between 51 857 921
Text 51
bundle 51 197
tabs 51 307 435 821 861
CheckboxTreeBase 52
CheckPolicy 52
was 52 535
called 52 705
uncheckChildrenWithUnchecke 52
Change 53 170 263 545 565 839 1083 1132 1160 1197
Signature 53 565
Propagate 53
Exceptions 53
Toolbar 53
added 53 105 209 254 274 275 459 575 579 800 870 892 916 922
Expand 53
Al 53
method 54 97 142 232 239 247 248 312 373 381 391 417 483 644 753 769 789 836 881 887 889 925 1029 1052 1150
made 54
public 54 170 346 381 492 548 690 808
Fixes 55 98 154 233 234 235 707
84220 55
CTRL 55
F5 55
shortcut 55 64 823 917
Hierarchy 55
StringUtil 56 58 570
isEmptyOrSpaces 56 58
improvements 56 63 179 341 606 1058 1180
Update 57 59 74 165 241 270 400 427 451 452 491 509 624 703 888 993 1096 1142
ParametersList 57
java 57 59 129 130 229 265 270 346 355 631 652 841 860 1018 1195
String 58 130 379 659 1063
trim 58 139
length 58 302
0 58 240 318 318 350 599 908 1008 1151 1170
replaced 58 620 916
some 58 253 570 894
elements 58 110 347 356 357 380 625 714 913
deprecated 58 274 275 556 676 911
MockApplication 59
36388 60
25232 60
Code 61 319 636
cleanup 61 370
104221 62
Console 62 176 185 439 444
folding 62 62 114 136
rules 62 114
substring 62
after 62 90 99 102 235 663 744 805 809 885 1012 1074 1118 1156 1168
working 62 73
anymore 62
76357 63
Favorites 63 409
View 63 279 409 914
expand 63 64 65 65
all 63 64 64 65 65 196 623 719 816 837
Standard 64 65
collapse 64 65 518
ordering 65
first 65 250 343 414 422 805 1012 1074 1105 1118
fix 66 70 71 74 115 128 155 243 249 252 254 265 282 284 342 372 396 402 437 485 552 553 589 597 631 698 713 758 788 836 843 851 909 1091 1116 1117 1131 1190
autoimport 66
helper 66 836 1206
removed 67 75 180 202 274 275 911
IElementType 67
Predicate 67 67
com 67 229 413 873
intellij 67 129 228 229 737 841 844 873 1195
util 67
containers 67
104375 68
102051 69
Unable 69
toggle 69
fullscreen 69
linux 69 1210
non 70 71 144 313 327 355 405 438 714 921 1008
ansi 70 71 517
Windows 70 71 408 994 1196
OSX 70 71
6771 72
optional 72 679
parameter 72 323 439 461 510 585 640 672 820 1000
exceptionMessage 72
NotNull 72 413 672
annotation 72 272 277 392 796 864 870
105387 73
svn 73 82 140 725
copy 73 259 322 403 622 1034 1190
root 73 378 471 473 474 475 1003 1017
should 73 111 118 222 285 317 520 591 609 689 705 893 1060 1086
never 73
marked 73 274 275
ignored 73 193 591 679 756
tip 74 132
day 74 132
invalid 74 580 1023
shortcuts 74 266
typos 74
unused 75 469 490 669 748 1083
libs 75
dependencies 75 305 679 681 863 1168
103973 76
Gradle 76 208 222 282 453 453 497 499 601 621 650 804 862 1049 1109 1109 1121 1128 1168 1187
wrapper 76 282 813 1121
detection 76 130
more 76 168 169 286 288 324 333 368 409 491 624 862 923 1035 1049
generic 76 122 273 324
6802 77
Updating 77 143
jdom 77
library 77 240 336 415 487 488 489 750 771 791 1024 1176
svn4idea 78 79 119 471
SSH 78 79 82 140
agent 78 79 82 140
support 78 82 95 109 113 140 171 201 208 237 242 278 287 325 352 393 430 443 459 521 542 564 577 584 599 635 665 757 765 831 848 858 870 994 1048 1090 1166 1169 1180 1210
authentication 79
108385 80
Allow 80 101 103 156 174 245 286 310 326 332 344 405 536 566 714 744 795 814 824 864 1035 1064 1087 1198
rule 80 1140
which 80 235 569
controls 80
namespace 80 351
hg 81 637
Per 81
TODO 81 631
HgWorkingCopyRevisionsCommand 81
parents 81
that 81 148 149 154 219 271 276 351 351 394 468 520 524 722 766 793 1003 1012 1016 1073
meth 81
git 82 100 104 104 140 358 431 522 592 620
integrations 82 140
VCS 83 236 320 575 1100
Mercurial 83
Browse 83
Changes 83 745 1068
allowing 83
changes 83 118 207 264 712 738 823 898 1100
Hg 84
show 84 182 585 592 745
Expose 85 93 346 464 465 1167
few 85 93 253 697
different 85 93 380
places 85 93
bug 86 649 685 713 867 902 1029 1106 1200
Some 88 91 92
improvments 88
decompiling 88 268 347 654
Custom 89 134 505 710
Malformed 89
format 89 298 400 693 697 842
string 89 130 142 289 580 684 697 842
inspection 89 142 311 312 313 314 363 546 717 769 908 916 1052 1072 1090 1122
105361 90
Subversion 90 109
Compare 90 245
action 90 162 196 235 320 575 607 643 645 646 743 823 996 1037
revisions 90
History 90
path 90 119 154 155 218 309 374 410 802 995 1014 1021 1200
refactoring 91 92 120 121 153 881
reusing 91 92
GenerateEquals 91 92
UI 91 92 590 645 678 695 699 886 1057 1160
scala 91 92 120 145
Extract 94 194
inheritor 94
candidate 94 719
check 94 238 285 302 304 308 426 664 680 918 1003 1210
into 94 181 361 625 651 799 838 887 1059
separate 94 192 225 1208
InheritanceChecker 94
interface 94 192 309 364
Implement 95 439
extension 95 153 159 189 229 271 352 466 483 533 564 612 696 740 747 797 1008
MethodTextOccurrenceProcessor 95
Kotlin 96 338 525 650 831 846 856 880 1155
compiler 96 1160
Refactor 97 785 815 1177
search 97 113 531
classes 97 129 144 186 256 337 351 366 372 621 662 671 750 854 884 1024 1024 1155
better 97 619 1006 1090
reusability 97
111450 98
redundant 98 180 217 404 1015 1186
cast 98 355 552 639
analysis 98 425 576
primitive 98 813
comparisons 98 480 845
Fixed 99 102 157 195 226 247 258 272 273 296 308 312 347 359 366 366 367 383 436 533 541 732 820 898 913 1027
TypeConversionUtil 99 102
getAllBoxedTypeSupers 99 102
f4a27e8 99 102
113488 100
Find 100 305 343 431 571 1134
commits 100 358
log 100 294 358 361 575 579 704 836 1165
history 100 104 290 320 358 593
inheritance 101 423
HierarchyBrowser 101
implementations 101 511 799
Type 101 383 389 390 565 717
Method 101 602
hierarchy 101 206 595 850 1123
1141 103
plugins 103 326 471 474 475 491 808 1107 1198
FoldingListener 103
112775 104
describe 104
MismatchedCollectionQueryUpdateInspection 105
compute 105
update 105 132 228 672 844 890 891
prefix 105 171 235
Improved 106 107 366
XmlSerializerUtil 106 107
copyBean 106 107
compatibility 106 107
checks 106 107
compile 106 107
time 106 107 323 401 592 592 834
instead 106 107 183 262 308 394 592 767 1008 1062 1063 1104 1146 1147 1154 1157 1174 1200
runtime 106 107 355
Properly 108
calculate 108
short 108 552 639 854
114955 109
regular 109 186
expressions 109
repository 109 475 624 744 1151
PY 110 111 113 114 115 130 165 258 386 395 397 399 400 416 419 423 425 426 432 432 432 432 439 439 440 449 454 456 456 456 456 462 503 504 531 532 593 598 598 608 613 616 617 626 628 632 638 642 662 663 664 669 697 728 728 728 733 736 739 742 746 754 756 766 767 768 776 786 790 1002 1028 1082 1194 1202
10020 110
Darcula 110
Python 110 113 206 444 521 534 616 661 664 771 790 895
External 110 869 886
Documentation 110 447
panel 110 784
blue 110
dracula 110
styled 110
9356 111 115
Clean 111
pyc 111
include 111 217 839
py 111 165 223 224 399 405 528 528 529 712 719 720 735 993 1199
if 111 117 285 316 394 404 535 569 609 664 689 813 910 1115 1138
jython 111
interpreter 111
used 111 147 212 552 643 645 1094
Instructions 112
building 112 498
11175 113
speed 113 532
Integrated 113
Tools 113
9343 114
OOTB 114
sys 114
mgr 114
lines 114 433 651 766
Proper 115
114933 116 117
Search 117 287 398 598 772 1194
everywhere 117
triggers 117
shift 117
pressed 117
once 117
stable 118 481 481
JUnit 118 118
12 118
SNAPSHOT 118
also 118 219 307 849 1105
earlier 118
versions 118 488 797 1101 1153
96825 119
consider 119 719
longest 119
most 119
specific 119 326 727 799 1126
Possibility 120 122 145
modify 120 145 276 356 357 1030
dialogs 120 334 1164
preventing 121
ClassCastException 121 866
opening 122 447 865 1057 1164
browser 122
using 122 184 238 255 286 448 476 480 493 573 910 1182
Issue 122 528 529
pattern 122 451 568 1063 1104 1157
116247 123
Path 123 571
does 123 164 200 398 533 698 1014 1021 1134
exist 123
cyrillic 123
chars 123
Git 123 219 245 304 575 680
Guard 124 125 897
against 124 125 257 679 897
an 124 182 184 229 271 309 564 674 753 797 798 873 881 898 1012 1099
home 124
spaces 124 410 1186
awt 125
HeadlessException 125
during 125 146 360 797 1016
builds 125 792
Correct 126 236
fixes 126 250 276 384 547 576 726 738
pycharm 126 384 528 529
Pycharm 127 462 726
skeletons 127 612 742
submodule 127
57875 128
Missing 128 1151
property 128 195 369 601 693 778
quick 128 254 925
Move 129 153 246 600 611 718 838 1001 1196
psi 129 256
impl 129 473
core 129
jar 129 213 703 703 849 850 1195
11317 130
Incorrect 130
formatter 130
Run 131 623
headless 131
so 131 154
dock 131
icon 131 188 1059 1098
will 131 276 524 671 749
appear 131
brace 133 136
matcher 133
based 133 136 245 250 253 511 517 593 765 779 1005 1140
select 133 409 1010
word 133
custom 133 135 136 141 466 520 564 620 795
117225 133
filetype 134
keyword 134 400 1078
completion 134 233 303 423 603 779 1171
usages 135 153 159 279 343 346 570 632 1134
works 135
11 135
structural 136
83026 136
ghost 137
mode 137 255 257 330 621 623 709 919
3654 137
item 138 281
Navigation 138
Scroll 138
source 138 283 343 383 521 528 896 1003
Enable 139 693
per 139 637 896
trailing 139 182 663 1105
whitespace 139 182 1105
ensure 139 190
final 139 922
newline 139 762 805 1018
Prefer 141
fragment 141
factory 141
ignore 142 572 680 908 1145
i18n 142 494 495 565
Hard 142
coded 142 428 702
PivotalTracker 143
state 143 905
Filter 144 862
out 144 388 776 862 1139
physical 144
DefaultClassNavigationContributor 144
CreateTestDialog 145
Activate 146
extensions 146 362 1081
resolution 146 295 701
119665 147
Memory 147
leak 147 453 485 688 736 746 1027 1071 1075 1076 1080 1085 1088 1093 1108 1143
RemoteMavenServer 147
buildnumber 147
references 148 149 889 1023 1149
part 148 250
CE 148
Correctly 149 337 364 728 768
interpret 149 762
python 149 219 383 441 466 498 534 722 776 895
__slots__ 149
external 149 171 297 771 864 995 995 1006 1010 1011
ff 150
surefire 151
argList 151
libnotifywrapper 152
crashes 152
showing 152 194
notification 152 553 554 812
point 153 159 189 229 466 483 564 612 747 797 845
postprocessing 153
course 153
modules 154 216 532 681 896 914 1002 1006 1145 1168 1192
get 154 219 260 484 1097 1146
priority 154 450
single 155 447 887 913
quote 155 763
120753 156 161
weight 156 161
configurable 156 161 518 853 1107 1204
warning 157 1002
run 157 499 621 831 1017
3 157 599 663 1109
121616 158
Plugin 158 239
API 158 455 556 602 804 831 872
improvement 158 334 335
there 158 168 169 569 793
ability 158 204 205 256 260 467 534 539 860
detect 158 425 1134
any 158 535 1160
preprocessing 159
90069 160
Keymap 160
resetting 160
changed 160 925
key 160 422 783 1171
mapping 160 309
Modified 161
Intellij 161
Added 162 220 221 251 253 256 257 271 311 483 493 498 534 539 554 557 577 607 743 881 905 1119 1166 1207
Tabs 162
placement 162
None 162
small 163
addition 163
info 163 439 624 819 1034
121292 164
Download 164
Sources 164
snapshots 164
11531 165
module_redeclarator 165
123665 166 173
richcopy 166 173
enabled 166 173 574
highlighters 166 173
Give 167
MavenImporters 167
chance 167
set 167 405 430 460 550 637 684 706 896
user 167 183 410 543 749 1138
infinite 168 169
loop 168 169 523
MavenProjectsTree 168 169
findRootProject 168 169
than 168 169 186 286 409
one 168 169 181 286 409 569 679 1085
level 168 169 187 294 489 532 812 1176
aggregate 168 169
POMs 168 169
visibility 170 1197
JBTerminalSystemSettingsProvider 170
Package 171 1144
systems 171
Don 172 217 276 569 640 910 999 1030 1055 1211
repeat 172
exception 172 180 268 290 683 794 840 1026 1097
twice 172
51438 174
disabling 174 310
profiles 174
124294 175
scheduleImport 175
performance 176 265 296 596 619 632 667 900 1027
optimizations 176
passing 177 332 557
creating 177 374 744 1181
RunProfileState 177
123453 178
failsafe 178
environment 178 184 269 411 756
variables 178 269 401 597
Small 179
104484 180
Joined 181
two 181 649
CompositFilters 181
characters 182 190 671 752
Show 183 267 358 914 1054
language 183 326 564 584 627 801 858 1180 1188
internal 183
id 183
Actually 184
RootIndex 184
UpSource 184
like 184 279 1033
Without 184
merging 185 361
results 185 818 905
importing 186 650
nested 186 272 621 623 732
insert 186 355
rather 186
static 186 365 541 718
imports 186 669 742 776 854 1015 1083
Convert 187 311
ModuleFileIndex 187
module 187 325 441 487 497 571 630 670 719 770 852 873 1005 1010 1176 1195
service 187
Lazy 188
load 188 660
DependencyValidationManagerImpl 188
fileContentIndexingVoter 189
unix 190
launch 190 682
filenames 190 671
special 190 408 792
survive 190
Handle 191
symbol 191 598
ssh 191
username 191
BasicStepMethodFilter 192
getMethodName 192
extracted 192
BaseAnalysisAction 193
now 193 749
respects 193
directores 193
126459 194
chained 194 299
checkbox 194 266 772
adding 195 789
XML 195 508 519 544 875 876 1014 1021
87163 196
splits 196
AdvancedEnhancer 198
jarjar 198
Solves 199
107376 199
106381 200
GUI 200
Designer 200
JComboBoxes 200
populated 200
under 200 1196
JDK7 200
Awesome 201
WM 201
BROWSEWORDATCARET 202
Install 203 609
CustomShortcuts 203
Up 203
Down 203 352
every 203 1184
trees 203 380
widgets 203
secondary 204 205
toolbar 204 205 645 1203
buttons 204 205
aligned 204 205
Static 206
dynamic 206
Shelve 207
dir 207
choosing 208
JVM 208 356 357
128774 209
ConsoleDependentFilterProvider 209
minor 210 233 1100
typo 210 233 340 353 406 436 594 695 769 801 836 874 1158
test 210 262 376 389 390 399 399 426 468 508 528 528 529 529 621 686 698 877 894 905 905 1120
Consider 211
edited 211
filename 211 1126 1140
SaveDialog 211
130394 212
diff 212
hamcrest 212
asm 213
required 213
javac2 213
Improve 214 306 496 532 604 656 709 717 730 879 1003 1144 1169
notifications 214
GithubRebaseAction 214
DPI 215
Improvements 215 711
ipnb 216
edu 216
repair 216
PyC 216
Decompiler 217 295 563 846 854 855 880 1015
casts 217
even 217
castAlways 217
true 217
unescaping 218
132199 219
repo 219
projects 219 497 650 831 901
installed 219 496 609
virtualenv 219 1084
Close 220 220 221 221 307 335 435 438
All 220 221 438
Projects 220 220 221 221 869
Other 220 221
actions 220 221 297 565 1167
dependency 222 514 816
import 222 318 413 450 462 497 521 601 722 800 873 1095 1168
honor 222
inline 223 530
noinspections 223
cf 223
13835 223
13969 224
OverriderUsageInfo 225
Store 225 662
overriding 225 767
PsiMethod 225 511
replacement 225
navigation 225 271 283 1111
element 225 283 544 589 996 1074 1118 1132 1149
flow 226 425
validation 226 691
133439 227
optimize 228
checking 228 388 797 844
platform 228 473 703 747 844 895 1126 1170
7100 229
Create 229 356 357 602 612 698 812 1020
instance 229 1194
PsiElementFinderImpl 229
via 229 430 534 693 1056 1093
elementFinder 229
close 230 231 334
feature 231 711 771
result 232 750 824 1184
requests 232
createPrepareRequests 232
JS 233
auto 233 1135
issue 235 449 707 898 1181
uncomment 235
removing 235 1074 1118
comment 235 656 785 1173
ends 235
refs 235 273 664
135341 235
capitalization 236
specifying 237 729
debugging 237 414 819
step 237
size 237 1146 1203
myAssertThreading 238
before 238 301 1073 1112
assertIsDispatchThread 238
override 239 457 619 811 824 1198
autocompletion 239 532
loading 240 493 1161 1193
C 240
native 240 647 773 861 1140
FreeBSD 240
JNA 240 241 415
FileSystemUtil 241
Linux 241 1183
PPC 241
paramaterizing 242
varargs 242 414 472 913
PyCharm 242 441 711
128528 243
fsNotifier 244 523 524 1131 1140
glibc 244
specifier 244
ppc64 244
filter 245 256
product_uc 246
_VM_OPTIONS 246
end 246 761 1001
clear 247 329
TestProjectBuilderLogger 247
getContainingIds 248
StubIndexImpl 248
132015 249
storage 250 309 1165
creation 250 501 622 647 650 899 922 1068
options 250 339 578 578
137327 250
contributing 251
fortify 252
GitLogParser 252
128280 252
additional 253 407 483 740
foldings 253
Dependency 254
groovy 254 298
57472 255
new 255 259 303 389 390 391 513 574 739 899 1132 1181
frames 255 449
137300 256
returned 256
JavaPsiFac 256
138038 257
missing 257 436 567 704 1000 1023 1077 1114
guards 257
dumb 257
JavaPsiFacadeImp 257
15166 258
subtest 258
location 258 282 366 744 1179
marks 258
correct 258 328 723
display 258 559 640
119938 259
reference 259 703 915
opened 259
keys 260 262 543
values 260 262 272 649 916
KeyFMap 260 264
publishing 261
my 261 793
image 261 729 920 1166 1202
each 262 487
case 262 288 289 877 912 1188
constants 262 590 1065
139903 263
TaskManagement 263
Trello 263
number 263 568 868
placeholder 263
Backport 264
132005 265
ErrorPaneConfigurable 265
138533 266
disable 266 344 361 780 790
keyboard 266 1056
numbers 267
null 268 369 414 608 639 684 758 1031 1073
pointer 268
Allowing 269
users 269
their 269 337
embedded 269
terminal 269 763 780 1048
sessions 269 538
FormPreviewFrame 270
140807 271
allows 271
redirect 271
f… 271
decompilation 272 750
arrays 272 562
issues 273 322 382 383 745 912
related 273 884 898
cls 273
ArchiveHandler 274 275
Ent… 274 275
provide 276 326 467 740 778 795
intentions 276
sources 276 448 520 816 1153
Iterable 277
iterator 277 710
138776 278
polyglot 278
Usage 279 356 357 602
Eclipse 279
Merge 280 412 445 446 734 767
pull 280 412 445 446
request 280 412 445 446
JetBrains 280 412 445 446
master 280 361 412 445 446
RemoveUsageAction 281
Now 281
selects 281
next 281 706
tree… 281
145249 282
original 283 403 1059
128201 284
Structure 285
reverted 285
structure 286 287 841 906
106194 287
File 287 568 646 1061
paste 287 322 780
Include 288 1033
details 288
FS 288
setting 288 331 430 778 904
mismatch 288 842
96179 289
Replace 289 421 481 762 1173
camel 289
Preserve 289 403 875 876
Case 289
IDE 290 452 995 1060 1178
thrown 290
Pluggable 291 292
watcher 291 292
JavaDoc 293 526 527 530 788
showAndGet 293
function 293 397 705 807 1008
Debug 294
data 294 314 727
services 294 297
shadowing 295 1002
DataNode 296
hashCode 296 634
Refactored 297 366 368
system 297 536 693 995 1002 1006 1010 1011 1196
reduce 297
amount 297
write 297
Spock 298 314
where 298 414
tables 298 314
align 299
methods 299 327 365 428 570 676 765
modifying 300
directory 300 450 691 735 838 841
rendering 300 449 1053
Canonicalize 301
paths 301 719
sending 301 325 1073
watchers 301
postfix 303 403 505 783
template 303 316 403 589
Always 304
PATH 304
detector 304
136729 305
download 305 525
Enterprise 305
Rep… 305
cross 306 1092
compilation 306 484 819 912
146472 307
Unmodified 307
closes 307
pinned 307
BoolUtils 308
isNegation 308
logical 308 667
bitwise 308
negation 308 317
Put 309 835
behind 309
HiDPI 310
scaling 310
Dhidpi 310
false 310 626 669
Operator 311
ResultOfAssignmentUsed 312
it 312 581 585 643 645 759 1115
Disabled 313 314
PointlessArithmetic 313
expression 313 478 479 908 1007 1173
resolvable 313
PointlessBoolean 314
146898 315
DoubleNegationInspection 315
booleans 315
Use 316 328 489 541 558 664 715 841 1008 1017 1024 1063 1095 1104 1130 1138 1146 1147 1154 1157
147080 317
Pointless 317
Boolean 317
Inspection 317 872
double 317 447 682 879
Fixing 318
statement 318 560 706 1077
ipython 318
parent 319 756
Style 319
147131 320
Copy 320
Subject 320
Typo 321 402 1004
CodeDocumenationAwareCommenter 322
101238 323
fixed 323 413 461 801 1163
url 323
encoding 323
youtrack 323
tracking 323 712 834
NativeFileWatcherImpl 324 375
pydevd 325
implementation 326 812 824
Functional 326
Parameter 326
Do 327 329 585 627 702 756 1097
process 327 768
JavaChangeSignatureUsageProcessor 327
protocol 328
generating 328 794
GitHub 328 622
clone 328
allocation 329
less 329
operations 329 730
structures 329
91198 330
Maximize 330
views 330 543 857
floating 330 845
Optimize 331 844 1161
watch 331 378
roots 331 524 528 670 751 1152
productPropertiesPath 332
Scan 333
threads 333 583
Open 334 335 568 1199
Task 335 707 1058
Dialogs 335
Notify 336
frameworks 336
about 336 1034
absence 336
143271 337
stub 337 616 662
containing 337
dollar 337
compilable 338
both 338
latest 338
beta4 338
Preprocess 339
extract 339
pythonpath 339
Redmine 341
tracker 341
LightVirtualFile 342
139310 343
Usages 343
reports 343
WolfTheProblemSolver 344
pass 344 1211
Allowes 345
WordScanner 345
cacheBuilder 345
thread 345 781 1192
unsafe 345 781
UpdateChecker 346 1177
NOTIFICATIONS 346
137253 347
renaming 347 366 366 380 586 1055
Sort 348 776 1101
writing 348
broken 349
README 349 512 582 817 871
Ignore 350 583 750 868 869 904 1100
Screens 350
width 350 1154 1154
height 350
Fernflower 351 366 367 368 370 376 387 389 390 391 393 394 541 591 639 750 877 879 884
renamer 351
reserved 351
windows 351 382
Push 352
points 352 533 696 761
interoperability 352
other 352 356 357 1199
languages 352 356 357 714
FileDownloader 353
javadoc 353 894
start 354 761 1170
vjava 354
design 354
Debugger 355 386 397 1182
do 355
fragments 355
From 356 357 584
JVMElementMutableView 356 357
compliant 356 357
134161 358
FlipCommaIntention 359
Go 360 1035
Class 360 826 828 1020 1139
loses 360
focus 360 760 787 893 1132
typing 360 856 1020 1051
GIT 361
fast 361
forward 361
Removed 362 1133
Perl 362
need 363
scan 363 902
scope 363 613 617 681 839 1110
global 363
decompile 364 1024
object 364 739 1211
fields 364 741
Prevent 365 415 616 754 840 919 1103
clashes 365
IIdentifierRenamer 366 368
annotations 366 366 367 367 757 1009
relative 366 367 742 776 1014 1021 1060
being 367 369 386 707 754 1115 1116 1117
renamed 367
corrected 367 1004
flexible 368 1049
WM_CLASS 369
x 369
terminated 369
ClassReference14Processor 370
spell 371
checker 371
levenshtein 371
damerau 371
levenstein 371
arguments 372 697
extended 372
replace 373 477 813 1020
increment 373 376
decrement 373 376
synthetic 373
access 373 393 741 781
Changing 374
separator 374 535
gists 374
isRepetition 375
protected 375
Setup 376
145 377
incorrect 378 413 617 708 732 1053
manual 378
calculations 378
avoid 379 404 1064 1087 1143 1184
instances 379 748
JpsElementChildRoleBase 379
myDebugName 379
Inplace 380
Psi 380
createCompleteMatchInfo 381
Pydevd 382 773
breakpoint 382
Jump 383 383 506
debugger 383 498 597 706 767
Minor 384 606 738 1180
mistake 385
19266 386
passed 386 1125
connecting 386
Field 387 602
Declaration 387
Order 387
Comment 388
Testing 389 390
stdout 389 390
comparison 389 390 770 996
tests 389 390 604 623 681 716 923 1003 1205
including 389 390 576
cases 389 390 423
osc 391
solves 391
problems 391
selection 391 542 1205
BaseScript 392
definition 392 765 871
im… 392
Renaming 393
assertions 393
Asserts 394
throw 394 766 1097
else 394
clause 394 394
14330 395
Pandas 395
dataframes 395
viewer 395
debug 395 790 1032
118247 396
application 396 507
Color 396
Scheme 396
Terminal 396 442 607 861
11224 397
assignment 397
inside 397 453 733 1026
fails 397 636 819
IJSDK 398 614 679 817 871 1053
152 398
Spotlight 398
c 398 1096
i 398
u 398 618
TabbedPaneWrapper 398
19541 399
runner 399
progress 399 859 862
regression 400
8165 400
precedence 400
pytest 400 1091
137640 401
FileTemplate 401
performing 403
PsiPrimitiveType 404
getText 404
PsiType 404
getAnnotations 404
breakpoints 405 766
deserialization 407
note 407
index 407 900 1074 1118
violate 407
WinPtyProcess 408
destroy 408
Ability 409
Breakpoint 409
bat 411
Honor 411 666
IDEA_JDK_64 411
sun 413
enable 414 1025 1038
argument 414 585
resolves 414
conflicts 415
19825 416
Implemented 417 418 420
int 417 418 418 552
getHashCode 418
CharSequence 418
19826 419
SmartTemplateLanguageErrorFilter 420
coll 421 421
stream 421
forEachOrdered 421
forEach 421
emit 422
event 422 1107
second 422
keystroke 422
timeout 422 558
19967 423
namedtuple 423
157915 424 429
symbolic 424 429 482
ref 424 429 598
HEAD 424 429 798
1177 425
Control 425
break 425 1077
11943 426
MutableMapping 426
parametrize 427
signature 427 1132
Pytest 427
skeleton 427
Apply 428
hard 428 702
contracts 428
assume 428
158882 430
Adding 430 653
mvn 430 514
157902 431
FIX 431 1125
Duplicated 431
20227 432
20251 432
20332 432
20468 432
157903 433
keep 433
blank 433
style 433 636 739
90507 435
switch 436 813 857
debuggability 437
ipy 437
notebook 437
kernels 437
9939 439
18586 439
tab 440 1033 1054
completions 440 733 1048
9345 440
crash 441
Qt5Gui 441
dll 441
160742 442
Ctrl 442 1105
Shift 442 917 1031
F12 442
Stepik 443
Better 444 1061
161410 447
Quick 447
angle 447
brackets 447 447
printed 447
146390 448
Modules 448 886
named 448 913
artifact 448
20771 449
dataframe 449
100 449
columns 449
Ensuring 450
given 450
prior 450
appName 451
setup 452
instructions 452
memory 453 688 1071 1075 1076 1079 1080 1088 1093 1094 1108 1136 1143
daemon 453
caused 453
20616 454
Bugfix 455
migration 455
Stream 455
sum 455
Integer 455 563
21146 456
21203 456
21145 456
21125 456
LightCodeInsightFixtureTestCase 457
hook 457
replacing 457 507
tempDirFixture 457
YouTrack 458 458 470 470 830
icons 458 470 792
match 458 470 664 832
contemporary 458 470
presentation 458
141243 459
contrib 459
try 459 626 1140
catch 459
162949 460
myTaskPriority 460
verbosive 460
163243 461
confussion 461
18144 462
zip 462 1121
finding 464 465
alternative 464 465 814 1140
bytecode 464 465
viewers 464 465
identifier 466
MockModule 467
testing 467 763
catches 468
AssertionError 468
Pass 469 510 794
otherwise 469
buffersize 469
presentatoin 470
resources 471 471 473 473 474 474 475 475
mismatching 472
array 472 700
params 472 477
overrides 472 1135
dvcs 473
Test 476 480 520 698
Comparable 476
IteratorPosition 476
assertThat 476 480
In 477 793 918 996
concrete 477
boolean 478 479 1173
Hash 480
assertTrue 481 1007
equals 481 619 770 813 1001 1001 1119
createDirectories 482
handle 482
links 482
BudledKeymapProvider 483
be… 483
Address 484 488
FieldAccessor 484
failure 484 525 912
JDK 484
9 484 833
OutputStream 485
Patcher 485
Bootstrap 485
patcher 486
Rename 487 646 671 791 1050
Maven3 487
trilead 488
ssh2 488
existing 489 864
jsr305 489
Delete 490 805 1172
JAXB 490
jars 490 635 701 704
since 490 1172
1179dbe 490
messages 491 496 745
control 491 921 921
readable 491
RunContentManagerImpl 492
DESCRIPTOR_KEY 492
keymap 493
BundledKeymapProvider 493
resource 493 691 838
loader 493 1192
TogglePresentationModeAction 494 495
ToggleDistractionFreeModeAction 494 495
TabsPlacementAction 494 495
contributions 495
disabled 496
165738 497
very 497
slow 497
multi 497 584
binaries 498
165963 499
configurations 499
cannot 499
profiled 499
163 500
Fill 501
subject 501
Github 501
Pull 501
Request 501
131 502
21991 503
21915 504
PyDeprecationInspection 504
DeprecationWarning 504 1103
subclasses 504 795 1167
templates 505 783
junit5 506
FileSource 506
CompositeTestSource 506
Source 506
patch 507 534
ConsoleUI 507
Speedup 508
gradle 508 514 623 841 872 896 899 901 1033 1116 1117
output 508 578 683 879
processing 508
Original 509
getDefaultFolder 510
MethodData 511
methodBody 511
resilient 511
non–stub 511
intended 511
Rewrite 512
fernflower 512
markdown 512 1151
macro 513
expansion 513
MODULE_CONTENT_ROOT 513
Pasting 514
classifier 514
168525 515 516
introduced 515 516 517
AntExecutionListener 515 516
ExtensionPoint 515 516
plugin… 515 516
168575 517
w… 517
168508 518
targets 518
105458 519
shouldn 519
treated 519
leafs 519
151925 520
aware 520 1098 1111
sourceSet 520
contains 520 673 1012
production 520
directories 521 1196
same 521 558 679 783 793
qualified 521 541
way 522 811 857
skip 522
pre 522 522
push 522
hooks 522
115914 522
usleep 523
main 523 1203 1208
Avoid 524 530 588 781 899 1153 1187
deregistering 524
registered 524
again 524
169037 525
formatting 526
refactor 526
continuation 527
indent 527 574
171 528 529
3780 528 529
115 528 529
locate 529
django 529
splitting 530
tags 530
reformatting 530 875 876
12627 531
Share 531
persist 531
occurences 531
23150 532
lot 532
top 532 649 1089
symbols 532
Get 533 700 1032
sdk 533 534
flavor 533 533 534
sdkpath 533
look 533
through 533 590 1192
Guess 535
document 535 730
modified 535
outside 535
jrt 536
created 536 1005
CoreApplicationEnvironment 536
Sync 537
idea_default_no_spellchecker 537
Recognize 538 1078 1113
Wayland 538
SystemInfo 538 1113
extends 539
PreferredSdkComparator 539
Replaced 540
checkboxes 540
ChangeListener 540
ItemListener 540
fully 541
conflict 541 1056 1141
140862 542
Extend 542 1128
DefaultMutableTreeNode 542
restoring 542
Respect 543 847 1009
configured 543
closed 544
return 545 758 769 849
PydevConsoleRunnerFactory 545
Speed 546
PyUnresolvedReference 546
PyConsoleCopyHandler 547
PyConsoleUtil 548
HELP_PROMPT 548
Patch 549
PyPackageManager 549
Ensure 550 684 1081
_latest_subtest_result 550
Bug 551
PySkeletonRefresher 551
Cmd 551
long 551 571
171459 552
literals 552 563 879
byte 552 639
SystemHealthMonitor 553
race 553 865 907
VC 554
Extracted 555
abstract 555
PydevConsoleExecuteActionHandler 555
Date 556
frame 557 706 1161 1191
PyPositionConverter 557
MultiProcessDebugger 558
RemoteDebugger 558
Made 559
mutable 559 741
RunContentDescriptor 559
union 560
PyCustomMember 561
resolvesToClass 561
171697 562
Omit 562
vararg 562
decompiled 562 843 1023
valueOf 563
boxing 563
SDKs 564
future 564
features 564
Thread 565
Dump 565
73669 566
longer 566
status 566 707
bar 566 859 1111
pydev 567 661 735 738
Additional 568 1192
matching 568 578
Dialog 568
145520 569
ask 569
changelist 569 1056
active 569 702
deprecate 570
obsolete 570
172832 571
pydevconsole 572
unicode 572 686
behave 573
6dev 573
alignment 574 821
173208 574
current 575 586 1074 1118
directly 575 625 670
Several 576
UAST 576 606 610
anchors 577
aliases 577
YAML 577
Simplify 578 668 774
logging 578 588
three 578
availa… 578
173612 579
173861 580
Format 580
d 580 847
flagged 580
Nullable 581 796
YAMLKeyValue 581
getParentMapping 581
sync 581 745
YAMLKeyValueImpl 581
md 582 817 871
escape 582 1018 1069
idle 583
common 583 810
pool 583 1097
Analyze 584
Data 584
Flow 584
To 584 826 828
Here 584
170926 585
hint 585
matches 585
suggestion 586
HighlighterLayer 587
WEAK_WARNING 587
passwords 588
GradleExecutionHelper 588
meta 589
tag 589
closing 589 708 809
HTML 589
customizing 590
TabsUtil 590
PropertiesComponent 590
autoboxing 591
primitives 591 860
annotate 592
author 592
committer 592
10985 593
104596 593
Prefix 593
Corrected 594
export 595
indentation 595
174594 596
collecting 597
hang 597
24987 598
22496 598
probably 598
others 598
attributes 598 1194
implicit 598 739 742 1141
goto 598 1133
simple 599
xslt 599
175089 600
updateHistoryEntry 600
154288 601
jdkName 601
IdeaModule 601
Provide 602 811 831
extending 602
builder 603
superclasses 603
generics 603
diagnostic 604
failing 604
delete 604 823 1105
WideSelectionListUI 605
_WRAP 605
orientation 605
149976 607
Reveal 607
25491 608
PyImportElement 608
getAsName 608
146215 609
SILENT 609
admin 609
… 609 698 833 850
receiverType 610
JavaUCallExpression 610
dropSelf 611
PyFunctionType 611
pregenerated 612
20537 613
Flush 613
caches 613
content 613 627 765 779
reload 613
299 614
stack 614 649 1161
overflow 614
EditorTextField 614
requestFocus 614
ID 615 653
component 615 1057 1086 1154
25794 616
unnecessary 616 677 700
AST 616
switches 616
inspections 616
13273 617
args 617 663 852 1125
decorators 617
assigned 617
Git4idea 618
pushurl 618
capital 618
SmartList 619 673 710
Ini4j 620
parser 620
delegate 621 623
clipboard 622 1034
Gist 622
collection 625
8933 626
ImportError 626
positives 626
force 627
reindex 627
compatible 627 652 661 1099
levels 627
26081 628
getProcessOutput 628
respect 628 749
cancellation 628
ProgressIndicator 628 761
SyntheticLibrary 629
getBinaryRoots 629
179472 630
retrieving 630
release 630
ChangesListView 631
26239 632
find 632 849 850
Ep 633
rascal 633
transformation 633
generate 634 1126
prefer 634 1099
HashCodeBuilder 634
Extends 635
IdeaModuleBase 635
180073 636
PlatformTestCase 636
damaged 636
180133 637
24880 638
execution 638
freeze 638
IPython 638
Jedi 638
functional 640
interfaces 640 855
144811 641
26413 642
More 642 716 889
intuitive 642
caret 642 1143
positioning 642
prev 642
180447 643 645
Hide 643
Synchronize 643 645 646 646 741
unlikely 643 645
180548 644
PlatformUtils 644
isAndroidStudio 644
Reduce 645 1094 1136
clutter 645
hiding 645
180614 646
System 646
Uses 647
temp 647
Duplicate 648
entries 648 682
RESERVED_WINDOWS_NAMESPACE 648
absense 648
con 648
POP2 649
opcode 649
handling 649 709 732
category 649
DSL 650
Take 651
account 651
EmptyList 652 652
utilCollections 652
TipOfTheDayManager 653
NPE 654 758 897 1026 1185
Revert 655 885
8608f6e 655
doc 656 894
PsiNameIdentifierOwner 656
解决使用nosetest执行用例时，用例注释为中文unicode时的乱码问题。 657
how 658
edit 658
privacy 658
policy 658
Splice 659
side 659 1203
effect 659
concatenation 659
169111 660
fish 660 847
functions 660
init 660 761 1178
Making 661
25655 662
15360 663
Error 663 1125
comma 663 1156
star 663
Py 663
27004 664
multiResolve 664
atomic 665
save 665
mailmap 666
improve 667 673
conjunction 667
Arrays 668 1001
asList 668
sublist 668
toArray 668
20075 669 728
positive 669
Enumerate 670
ModuleHighlightUtil 670
getModuleDescriptor 670
FernFlower 671
whose 671
exceed 671
255 671
Annotate 672
AnActionEvent 672
AnAction 672
containsAll 673
HashSet 673
ildefined 674
comparator 674 715
AbstractTreeUi 674 675
sporadic 675
exceptions 675 766 1016
6061bb4 676
throws 677
declarations 677
183411 678
Release 678
lock 678
updating 678
AbstractTreeBuilder 678
340 679
Using 679
causes 679
TEST 681
126094 682
Edit 682
Before 682
mouse 682 920
left 682
button 682 1146
click 682
Attach 683
LeakHunter 683
protobuf 684
setters 684
resizing 685
DialogWrapper 685
large 685
label 685
183953 686
Dispose 687 1037
IdeRootPanel 687
disposing 687
IdeFrame 687
StatusBar 688
IdeFrameImpl 688
Scale 689
matter 689
NOT 689 893
SVG 689 729
isImplicitReturnStatement 690
184002 691
ScratchFileLanguageProvider 692
6449 693
ISO 693
8601 693
date 693
CONTRIBUTING 694
electronic 694
submission 694
CLA 694
RepositoryAttachDialog 695
handlers 696 824
27710 697
erroneous 697
Too 697
179774 698
fill 698
superclass 698
Balloon 699
rid 700
wrapping 700 840
mechanism 701
trigger 701
header 702
jna 703 703
utils 703
163705 704
JarLoader 704
This 705
holding 705
treeLock 705
eval 706
corrupt 707
fashion 707
JIRA 707
streams 708 910
sanselan 708
IOUtils 708
malformed 709
identifiers 709
ren 709
“Execute 711
Line 711 1035
Console” 711
django_manage 712
node_modules 712
185286 713
PopupFactoryImpl 713
bypass 714
OOCB 714
lazy 714 1193
181940 715
order 715 835 925 1009 1168
sort 715
detailed 716
UnnecessaryUnicodeEscapeInspection 716 923 924
can 717 758 916 1007
weakened 717
185872 718
enum 718 916 1078
modifier 718
community 720 726 737 883
gant 720
181 721
3263 721
needed 722
absent 722
Import 723 826 828 1066
XmlElement 723
GO 724
5316 724
scratch 724
silently 724
fetch 725
bridged 725
repos 725
sharing 727
consent 727
company 727
28393 728
28332 728
PyModuleType 728
Load 729
dimensions 729
listeners 730
173 731
locations 732
SVN 732 744 1184
28461 733
implicitly 733
imported 733
sub 733
packages 733
mockito 734
libraries 734 839
real 735
syspath 735 878
28512 736
TypeEvalContext 736 748
PyRemoveParameterQuickFix 736
CodeTriage 737
badge 737
28562 739
has 739 800
metaclass 739
JPS 740
constant 740 769 882 1097
affection 740
resolvers 740
28629 742
resolving 742 896
compare 743
187194 743
Switch 744 832
28686 746
PSI 746 1149
AutoImportQuickFIx 746
versionDetailsProvider 747
Let 748
gc 748
ed 748
Fish 749 1048
selected 749 1006
prompt 749
saving 750
Leak 751
hunter 751
sometimes 751
uses 751 813 1062 1081
stale 751
Polish 752
regardless 752
locale 752
onStart 753
ExternalProjectRefreshCallback 753
28911 754
pydevd_tracing 754
SetTrace 754
reentered 754
https 755
stdlib 755
docs 755
19218 756
inherit 756
PYTHONPATH 756 767
nullability 757 1090
androidx 757
PsiFile 758
getContainingDirectory 758
Disable 759
rerunImportAction 759
performed 759
refreshProject 759
ThreeComponentsSplitter 760 787
cycle 760 787
Symmetric 761
echo 762
printf 762
\n 762
shell 763
orderEntry 764
Geb 765 779
29051 766
29092 767
29110 768
folders 768 1066
ending 768
egg 768
PythonPathEditor 768
Improving 771
standard 771 1005
documentation 771 925 1202
187826 772
Unlimited 772
Structural 772
WIP 773
trace 773
DataKey 774
map 775
scipy 775
numpy 775
objects 775
webpage 775
29338 776
foreign 776
ones 776
Resize 777
myOriginalDocument 777
boundary 777
189919 778
convert 778
ascii 778
reported 779
page 779
bracketed 780
177768 780
SimpleDateFormat 781
PerformanceWatcher 781
190710 782 834
Gitlab 782
Time 782
Tracking 782
live 783
L 784
F 784
ProjectView 784
getDefaultViewId 785
explanatory 785
26863 786
3dsmaxpy 786
exe 786
PsiTreeUtil 788 789
findChildrenOfAnyType 788
findChildrenByFilter 789
27594 790
gets 790
stdin 790
javax 791
inject 791
products 792
define 792
EAP 792
opinion 793
aren 793
many 793 901 1006
people 793
committed 793
previous 793
caught 794
ExternalSystemException 794
193153 795
BaseRefactoringProcessor 795
veto 795
RefactoringHelpers 795
UsageSearcher 795
DomElement 796
getXmlTag 796
updates 797 830 846 880 1028
detached 798
193199 799
Split 799
ExportHTMLAction 799
all… 799
177512 800
ExternalSystem 800
TOPIC 800
notify 800
fini… 800
English 801
Tip 801
Day 801
open 802 1199
launcher 802 895 1199
Eliminating 803
tail 803
recursion 803 1123
JBDiff 803
split 803 809
upgrade 804
Tooling 804
7 804
8 804 1069
indexToDeleteTo 805
193617 806
a11y 806
combo 806 1146
boxes 806
regularExpression 807
livetemplates 807
EditorWindow 808
INITIAL_INDEX_KEY 808
189671 809
Refresh 809
Focus 809 1164
Have 810
Icons 810
194080 811
insets 811
DarculaComboBoxUI 811
192953 813
CombinedTestLocator 814
ExportAction 815
Resolve 816
repositories 816
unified 817
procedure 817
50 817
147781 818
ColorChooser 818
Opacity 818
changing 818
affect 818
Print 819
useful 819
misleading 820
FiraCode 822
font 822
205 822
unversioned 823
customize 824 896
RecentlyNullable 825
RecentlyNonNull 825
nullable 825
Way 826 828
Names 826 828
Not 826 828
Inner 826 828
Classes 826 828
For 826 828
group 827 853
GotoTestRelatedProvider 827
hide 829
scrollbars 829
connector 830
management 830
multiplatform 831
JavaHelp 832
license 832
bundled 832
Shorten 833
Classpath 833
GitLab 834
Batik 835
CleanerThread 835
alphabetical 835
vcs 836
Uniformize 837
hexadecimal 837
GradleInspectionBundle 838
UndeclaredThrowableException 840
conventional 841
semicolon 843
blocks 843 1139
196314 843
Decompilation 845
inverted 845
196302 845
regarding 846 880
conf 847
166142 849 850
198152 849 850
files… 849
full 850 1203
increase 851
Xmx 851
OOM 851
patching 852
monkey 852
patched 852
subprocess 852
Created 853
shadowed 854
196315 854
qualifier 855
Unintended 856
autocomplete 856
B 856
P 856
programmatic 857
editorconfig 858 1180 1193
198933 859
painting 859
splash 859
screen 859 1060
separately 860
events 862 1051 1073
KotlinTest 863
register 864 1171
197106 865
condition 865 908 1210
Catch 866
GroupByTypeComparator 866
ScrollColorProducer 867
JDWP 868
vmVersion 868
attached 868
dalvik 868
Art 868
Multiple 869
ExternalAnnotationsManager 870
batch 870
474 871
Clarify 871
jdk 871
199485 872
Incubating 872
Unstable 872
openapi 873
Module 873
199694 875 876
breaks 875 876
bad 877
initialization 877 1116 1117
Detect 878 1123
correctly 878 1132
float 879
AccessibleName 881 905
Parameters 881
199219 881
Refactoring 882
described 882
times 882
199404 883
discord 883
Cleanup 884
collections 884 1052 1052
199921 885
d8423f0 885
b6a57a9 885
Group 886
duplicated 887 1129
ArrayUtil 887
indexOf 887
VolatileLongOrDoubleField 888
html 888
200509 889
suggested 889
GuiDesigner 890 891
EvaluateExpression 892
TouchBar 892
200871 893
Tool 893
Window 893
transfer 893 1132
unconditionally 893
testIntegration 894
around 894
early 897
publication 897
NonClasspathClassFinder 897
accessibility 898
200434 899
ijinit 899
JSON 900
don 901 1011
StringSearcher 902
201317 903
Cucumber4 903
Formatter 903
201282 904
Resolver 904
LoggerFactory 904
Maven… 904
entry 905
Suspend 906
indexing 906
refreshing 906
conditions 907
DumbServiceImpl 907
ProgressSuspender 907 919
Conditional 908
negated 908
142594 909
suggest 910 915
minSdkVersion 910
24 910 1069
recompile 911
Resolving 912
sensitivity 912
resulting 912
assigning 913
form 913 917 918 1160
bold 914
Project 914
JUnit5 915
validate 915 1011
EnumSource… 915
Array 916
Tab 917
RegExp 917 918
202189 917
HIT_END 918
crashing 919
isInImpatientReader 919
wheel 920
scrolling 920
180216 920
Differentiate 921
syntax 921
201670 922
setter 922 1135 1141
shorter 924
202665 925
resolutions 925
pydev_monkey_qt 993
OpenJ9 994
Launchers 994
MultithreadSearcher 996
wrap 996
read 996 1116 1117
183 997
203194 998
setLoggerFactory 999
DefaultArtifactResolver 999
Defau… 999
23615 1002
203651 1003
highligHting 1004
201343 1005
pom 1005 1033
just 1005
203912 1007
assertFalse 1007
negative 1007
simplified 1007
123039 1008
recursive 1008 1008
Xalan 1008
str 1008
tokenize 1008
XSLT 1008
hack 1008
201331 1009
processors 1009
faster 1010
recursively 1011
Select 1012
leaf 1012
Display 1013
multiline 1013
replacements 1013
204269 1013
141538 1014 1021
validator 1014 1021
XSD 1014 1021
204310 1015
lambdas 1015
204408 1016
Stop 1016
ignoring 1016
occur 1016
included 1016
bui… 1016
202846 1017
Document 1017
Element 1017
XPath 1017
sequence 1018
SdkSettingsStep 1018
1st 1019
stage 1019
fixing 1019
204628 1019
202032 1020
204927 1022
divider 1022
resize 1022
listener 1022 1112
204998 1024
preference 1024
195932 1025
connection 1025
proxy 1025 1156
ExceptionRangeCFG 1026
toString 1026
finally 1026
range 1026 1031
205163 1027
33474 1028
pyparsing 1028
JBLoadingPanel 1029
setBounds 1029
TestPlan 1030
205629 1031
getStartTagNameElement 1031
wrong 1032
205705 1033
title 1033 1054
189773 1034
variants 1035
Column 1035
205713 1035
dead 1036 1172
DebugProcessImpl 1036
197682 1037
CloseTab 1037
Re 1038
canonicalization 1038
cache 1038 1184
ProjectImportAction 1049
Co_verage 1050
Coverage 1050
bus 1051
latency 1051
171758 1052
Guava 1052
Suspicious 1052
calls 1052
563 1053
copyable 1053
labels 1053
206928 1054
pluginName 1054
irrespective 1054
206930 1055
complain 1055
itself 1055
201941 1056
countdown 1056
accidental 1056
confirmations 1056
206965 1057
Mark 1057
focused 1057
Inspector 1057
141083 1058
Branch 1058
SpeedSearch 1058 1105
206970 1059
copying 1059 1124
LocalTaskImpl 1059
grab 1059
201693 1060
SE 1060
207075 1061
diagnosis 1061
scheduleIndexRebuild 1061
reason 1061
207106 1062
Log 1062
deprecation 1062
notices 1062
registerFileType 1062
FileTypeFactory 1062
join 1063
hand 1063 1104 1157
written 1063 1104 1157
joining 1063 1104 1157
207347 1064 1087
JTextComponent 1064 1087
swing 1064 1087
undo 1064 1087
manager 1064 1087
207424 1065
uidesigner 1065
executions 1066
207657 1067
StringIndexOutOfBoundsException 1067
DocumentWindowImpl 1067
replaceString 1067
behavior 1068
137065 1069
sequences 1069
bit 1069 1069
ExportableUserDataHolder 1070
reformat 1070
208185 1071
flake8 1072
supressor 1072
Decrement 1074 1118
buffer 1074 1118
208450 1075
208453 1076
GitXmlRpcHandlerService 1076
see 1077
208467 1077
decompiler 1078
208610 1079
leaks 1079
MouseDragHelper 1079
attach 1079
MouseDrag… 1079
208611 1080
IdeGlassPaneImpl 1080
_addListener 1080
GradleProjectResolver 1081
model 1081 1187
provider 1081
16945 1082
coveragerc 1082
wording 1083
tooltip 1083
found 1083
Upgrade 1084
pip 1084
setuptools 1084
208615 1085
UiNotifyConnector 1085
channels 1085
ActionButton 1086
focusable 1086
InternalDecorator 1088
208847 1088
Surface 1089
steps 1089
208913 1090
AutoValue 1090
comparing 1091 1094 1119
asserts 1091
Enabling 1092
communication 1092
208067 1093
InlayModelImpl 1093
AfterLineEndElementTree 1093
branches 1094
209343 1094
Swing 1095
combobox 1095
inotify 1096
unable 1097
168007 1098
CachedImageIcon 1098
188964 1099
older 1099
but 1099
209622 1100
205103 1101
archetype 1101
USE_PROJECT_PROFILE 1102
StringJoiner 1104 1157
209898 1105
Backspace 1105
BuildOutputInstantReaderImpl 1106
FUS 1107
logger 1107 1162
DocumentImpl 1108
210051 1108
Daemons 1109
200272 1110
activate 1110
session 1110
looking 1110 1179
AbstractLifecy… 1110
210360 1111
arrows 1111
scale 1111
calling 1112
deactivateIfNeeded 1112
210564 1112
Chrome 1113
OS 1113
quotes 1114
NSIS 1114
Unstage 1115
deletion 1115
reused 1115
210834 1116 1117
distribution 1116 1117
MessageEvent 1119
parallelization 1120
UsefulTestCase 1120
store 1121
FunctionalExpressionsIdentity 1122
154488 1122
131162 1123
Set 1124
rootProjectName 1124
BuildParticipant 1124
getExecutable 1126
Finish 1127
pending 1127
children 1127
ExecutionNode 1127
resolver 1128
following 1128
customizations 1128
documentationProvider 1129
DarculaTableSelectedCellHighlightBorder 1130
musl 1131
201196 1132
Moving 1132
downwards 1132
const 1133
Flex 1133
212454 1134
accessors 1134
212479 1135
Prioritize 1135
getter 1135
generation 1135
sensible 1135
complete 1135
212508 1136
footprint 1136
MultipleBuildsView 1136
myBuildsMap 1136
ComboboxUI 1138
defined 1138
background 1138
212623 1139
Folding 1139
FileHeader 1139
ex 1140
aarch64 1140
sphinx_runner 1142
Sphinx 1142 1202
214615 1143
Deactivate 1143
dispose 1143 1201
182029 1144
usability 1144
Skip 1145 1152 1155
disposed 1145
arrow 1146
preferred 1146
box 1146
getArrowButtonPreferredSize 1147
comboBox 1147
shells 1148
contributed 1149
ShVariable 1149
intention 1150
remote 1151
31 1151
209506 1152
classpath 1152
fed 1152
JUnit5TestRunner 1152
attaching 1153
total 1154
column 1154
NotNullInstrumentingBuilder 1155
Cause 1156
separated 1156
exanded 1156
Rid 1159
StringBuilder 1159
chaining 1159
appends 1159
designer 1160
modality 1160
async 1161
FileTypeManager 1162
212715 1163
snapshooter 1163
ClassNotFoundException 1163
startup 1163
lost 1164
upon 1164
certain 1164
important 1164
Event 1165
whitelist 1165
DocumentationComponent 1166
Base64 1166
TextEditorWithPreview 1167 1204
unstable 1168
listed 1168
iml 1168
gmavenplus 1169
Bump 1170
lodash 1170
defaultsdeep 1170
built 1170
visualizer 1170
overwrite 1171
51e756a 1172
literal 1173
Throw 1174
IAE 1174
AE 1174
isExcluded 1174
Register 1175
FileEditorManagerImpl 1175
disposal 1175
LibraryLicense 1176
Joni 1176
218688 1177
flexibility 1177
JBR 1178
1337 1178
logs 1178
JavaFX 1178
errors 1178
stuck 1178
AndroidXmlFormat 1181
layout 1181
inconsistent 1182
pyspark 1182
DataFrames 1182
22407 1183
Comply 1183
XDG 1183
Base 1183
Directory 1183
Specification 1183
JAXBContext 1184
overhead 1184
parsing 1184
operation 1184
220057 1185
findWindowForBalloon 1185
tooling 1187
builders 1187
219943 1188
counters 1188
corner 1188
words 1189
coroutine 1189
coroutines 1189
dictionary 1189
util_methods 1190
NFS 1190
Should 1191
balloon 1191
horizontally 1191
centered 1191
visible 1192
descriptor 1193
15468 1194
Restore 1195
jsp 1195
base 1195
26855 1196
LOCALAPPDATA 1196
Sh 1197 1198
ShRunConfiguration 1197
3rd 1198
party 1198
ShRunConfigurationProfileState 1198
already 1199
osx 1200
example 1200
TooltipManager 1201
registrations 1201
25689 1202
directive 1202
docstring 1202
223297 1203
Snap 1203
Layout 1204
unit 1205
unindent 1205
invokeLater 1206
218836 1207
SortLinesActions 1207
visually 1208
DUMMY_IDENTIFIER 1208
MethodCallInLoopCondition 1209
enhancements 1209
ppc64le 1210 1210
fsnotifier 1210
binary 1210
224349 1211
partially 1211
initialized 1211
different… 1211
