865	800,1125,876,1083,794,763,328,1006,530,868,228,1124,875,856,422,750,348,403,819,1179,1055,1057,643,1032,844
916	512,421,652,52,124,61,112,646,514,345,636,540,310,762,682,634,53
1113	538
97	420,54,417,692,789,587,418,815,887,644,373
766	616,840,865,630,453,212,1031,914,2,1117,728,662,504,337,111,24,76,1192,1073,614,219,428,770,293,13,300,733,386,15,628,449,399,846,1023,855,1067,916,477,862,499,397,347,169,1116,1002,410,1094,674,1140,1109,1106,1075,1053,1029,299,200,1016,116,654,258,531,1017,661,432,416,309,839,450,40,806,441,424,295,684,318,227,678,134,365,152,1012,766,327,155,1079,593,157,390,465,464,108,760,167,1161,1101,18,176,330,693,832,798,1078,756,742,503,395,1082,497,222,912,874,702,695,688,675,561,369,360,277,1088,149,1010,706,191,776,573,349,151,147,1199,1194,1178,697,664,719,528,778,707,429,225,186,486,755,513,835,505,716,127,666,1182,598,355,241,1021,669,534,110,580,317,852,637,605,340,194,304,460,886,35,268,604,235,1168,813,709,649,736,130,154,705,1086,998,867,859,787,610,353,1132,1085,398,25,571,164,907,642,1003,632,118,595,322,233,1195,816,62,745,141,439,425,423,400,893,88,224,223,96,906,560,48,302,1158,508,94,180,1097,1026,496,374,1014,608,419,165,1028,67,65,900,821,769,551,482,1018,1027,1155,46,1187,880,255,751,1171,90,739,462,217,69,685,627,507,454,389,1060,493,34,827,699,376,364,544,238,315,1015,711,882,1181,491,382,3,253,12,779,532,444,822,917,842,472,1000,594,383,391,181,179,896,619,411,45,461,234,1103,240,663,807,995,802,993,87,621,1080,1076,601,131,55,442,1061,1185,759,746,626,440,1202,218,39,920,901,1108,290,790,405,168,517,333,1009,73,724,529,520,187,1049,710,618,312,895,617,550,5,854,691,596,406,387,1093,1071,1142,123,814,613,1183,1143,213,1141,786,456,285,117,902,378,877,680,1120,671,89,498,184,193,574,572,210,1200,768,638,609,591,86,784,244,1134,524,623,298,329,754,415,771,533,361,177,698,1163,718,708,525,468,725,773
495	494
813	1184,660,236,866,1201
356	357
357	356
890	891
860	446,362,119,744,656,204,1208,824,566,555,578,414,37,146,897,703,313,281,1170,1074,559,324,683,1198,1066,521,435,1105,808,375,602,158,818,715,799,690,1038,445,16,30,160,712,659,585,156,918,381,727,283,1128,1164,1110,100,192,175,775,1070,668,162,161,335,805,344,280,273,351,734,1186,860,448,1156,220,811,196,1191,1081,143,413,1145,1013,198,245,1151,1036,568,804,509,101,31,1111,924,803,919,783,1037,720,6,586,120,1118,1020,689,205,1149,1095,557,307,511,343,878,438,510,492,84,774,412,138,81,523,190,1025,457,64,575,221,590,188,11,125
538	1113
891	890
909	851,597,836,252,249,1004,284,553,265,1091,282,788,342,589,1190,909,372,713,758,631,485,526,321,843,402,243,552,437,1131
993	888,427,270,452,57,451,59,1096
995	215,812,294,207
1108	85,743,408,42,93,1211,230,231,1126,471,80,1087,777,211,1064,996,473,475,474
905	554,1119,1207,539,607
994	1176,77,260,655,522,113,686,1072,358,426,1189,153,584,325,320,1150,433,331,487,216,78,95,159,1090,17,72,443,765,352,319,242,863,401,735,696,1022,314,1144,923,873,469,128,83,828,459,278,171,1114,579,546,1122,651,1050,606,458,237,903,831,1166,269,264,904,894,747,908,834,567,1180,1051,892,1100,547,701,848,826,581,430,201,1005,740,178,1152,109,681,341,858,757,599,466,1205,257,29,209,105,334,704,490,266,363,1169,27,870,142,56,653,857,625,564,239,1210,1077,537,829,470,753,665,615,407,1065,1048,1059,384,825,823,1058,79,43,670,1052,189,869,791,1172,114,796,782,737,303,612,21,994,1056,287,28,780,635,4,797,622,1121,542,527,208,1206,311,1165,885,467,263,254,182,271,483,562,738
586	764,772,677,1112
515	516
516	515
999	436,289,275,166,1133,70,1068,592,33,297,8,50,332,145,922,316,717,911,899,752,556,1062,267,388,10,640,370,366,879,603,392,339,1196,583,306,535,47,810,431,296,793,1011,133,687,1174,1033,74,1203,1173,97,122,98,183,1204,1098,107,820,279,883,748,291,1129,861,741,676,577,409,144,394,185,1197,645,1092,801,32,925,845,563,195,14,1167,248,99,91,1054,1035,102,915,582,1089,549,723,106,135,1034,197,488,336,137,103,9,261,82,367,214,767,359,792,884,1160,489,624,250,19,1154,404,126,847,620,455,639,136,837,864,714,921,648,570,1069,246,910,569,898,323,1159,647,1153,1107,576,700,174,650,501,226,104,545,272,58,838,558,1030,600,518,795,286,785,506,38,1007,379,1157,1148,548,1024,679,673,850,1136,1019,247,781,872,1177,830,170,722,49,139,1115,350,1147,276,672,346,479,478,611,51,1135,393,730,447,1188,1102,121,326,849,565,44,22,905,889,667,913,256,63,1123,202,301,588,749,809,536,305,274,173,140,1084,1001,817,1138,259,163,354,543,729,519,853,1162,172,7,1193,75,396,203,694,1146,1139,484,368,841,41,292,251,1130,732,66,761,71,262,132,476,229,92,881,1099,833,338,206,1008,1104,1063,480,380,148,999,115,726,871,308,541,129,481,288,232
494	495
